0,1.96925e+06
0.01,1.73404e+06
0.02,1.52707e+06
0.03,1.34494e+06
0.04,1.18468e+06
0.05,1.04366e+06
0.06,919566
0.07,810365
0.08,714269
0.09,629705
0.1,555287
0.11,489797
0.12,432162
0.13,381439
0.14,336797
0.15,297507
0.16,262924
0.17,232484
0.18,205690
0.19,182102
0.2,161335
0.21,143052
0.22,126953
0.23,112777
0.24,100291
0.25,89293.7
0.26,79605.7
0.27,71069.7
0.28,63547.4
0.29,56917.2
0.3,51071.9
0.31,45917.3
0.32,41370.5
0.33,37358.5
0.34,33817.3
0.35,30690.4
0.36,27928
0.37,25486.6
0.38,23327.7
0.39,21417.4
0.4,19726.1
0.41,18227.5
0.42,16898.7
0.43,15719.3
0.44,14671.6
0.45,13739.9
0.46,12910.4
0.47,12170.9
0.48,11510.9
0.49,10920.8
0.5,10392.5
0.51,9918.61
0.52,9492.83
0.53,9109.48
0.54,8763.63
0.55,8450.9
0.56,8167.48
0.57,7909.97
0.58,7675.41
0.59,7461.18
0.6,7264.99
0.61,7084.79
0.62,6918.81
0.63,6765.48
0.64,6623.4
0.65,6491.36
0.66,6368.27
0.67,6253.2
0.68,6145.3
0.69,6043.83
0.7,5948.15
0.71,5857.67
0.72,5771.9
0.73,5690.37
0.74,5612.69
0.75,5538.51
0.76,5467.52
0.77,5399.44
0.78,5334.03
0.79,5271.06
0.8,5210.34
0.81,5151.71
0.82,5095
0.83,5040.09
0.84,4986.83
0.85,4935.14
0.86,4884.9
0.87,4836.04
0.88,4788.46
0.89,4742.09
0.9,4696.88
0.91,4652.76
0.92,4609.68
0.93,4567.59
0.94,4526.44
0.95,4486.2
0.96,4446.81
0.97,4408.26
0.98,4370.51
0.99,4333.53
1,4297.28
1.01,4261.75
1.02,4226.91
1.03,4192.74
1.04,4159.21
1.05,4126.31
1.06,4094.02
1.07,4062.31
1.08,4031.18
1.09,4000.6
1.1,3970.57
1.11,3941.06
1.12,3912.06
1.13,3883.56
1.14,3855.54
1.15,3828
1.16,3800.92
1.17,3774.28
1.18,3748.09
1.19,3722.32
1.2,3696.97
1.21,3672.03
1.22,3647.48
1.23,3623.32
1.24,3599.54
1.25,3576.14
1.26,3553.09
1.27,3530.39
1.28,3508.05
1.29,3486.04
1.3,3464.35
1.31,3443
1.32,3421.95
1.33,3401.22
1.34,3380.79
1.35,3360.65
1.36,3340.8
1.37,3321.23
1.38,3301.94
1.39,3282.92
1.4,3264.17
1.41,3245.67
1.42,3227.43
1.43,3209.43
1.44,3191.68
1.45,3174.17
1.46,3156.89
1.47,3139.84
1.48,3123.01
1.49,3106.4
1.5,3090
1.51,3073.82
1.52,3057.84
1.53,3042.07
1.54,3026.49
1.55,3011.1
1.56,2995.91
1.57,2980.9
1.58,2966.08
1.59,2951.43
1.6,2936.97
1.61,2922.67
1.62,2908.54
1.63,2894.58
1.64,2880.78
1.65,2867.15
1.66,2853.67
1.67,2840.34
1.68,2827.16
1.69,2814.14
1.7,2801.26
1.71,2788.52
1.72,2775.92
1.73,2763.46
1.74,2751.14
1.75,2738.95
1.76,2726.89
1.77,2714.96
1.78,2703.15
1.79,2691.47
1.8,2679.91
1.81,2668.47
1.82,2657.15
1.83,2645.95
1.84,2634.86
1.85,2623.88
1.86,2613.01
1.87,2602.25
1.88,2591.6
1.89,2581.05
1.9,2570.6
1.91,2560.26
1.92,2550.02
1.93,2539.87
1.94,2529.82
1.95,2519.87
1.96,2510.01
1.97,2500.24
1.98,2490.57
1.99,2480.98
2,2471.48
2.01,2462.07
2.02,2452.74
2.03,2443.5
2.04,2434.34
2.05,2425.26
2.06,2416.26
2.07,2407.34
2.08,2398.5
2.09,2389.74
2.1,2381.05
2.11,2372.44
2.12,2363.9
2.13,2355.44
2.14,2347.04
2.15,2338.72
2.16,2330.46
2.17,2322.28
2.18,2314.16
2.19,2306.11
2.2,2298.12
2.21,2290.2
2.22,2282.35
2.23,2274.55
2.24,2266.82
2.25,2259.16
2.26,2251.55
2.27,2244
2.28,2236.51
2.29,2229.08
2.3,2221.71
2.31,2214.39
2.32,2207.13
2.33,2199.92
2.34,2192.77
2.35,2185.68
2.36,2178.64
2.37,2171.65
2.38,2164.71
2.39,2157.82
2.4,2150.99
2.41,2144.2
2.42,2137.46
2.43,2130.78
2.44,2124.14
2.45,2117.55
2.46,2111
2.47,2104.51
2.48,2098.06
2.49,2091.65
2.5,2085.29
2.51,2078.97
2.52,2072.7
2.53,2066.47
2.54,2060.28
2.55,2054.14
2.56,2048.04
2.57,2041.98
2.58,2035.96
2.59,2029.98
2.6,2024.04
2.61,2018.14
2.62,2012.28
2.63,2006.46
2.64,2000.68
2.65,1994.93
2.66,1989.23
2.67,1983.56
2.68,1977.92
2.69,1972.32
2.7,1966.76
2.71,1961.24
2.72,1955.75
2.73,1950.29
2.74,1944.87
2.75,1939.48
2.76,1934.13
2.77,1928.8
2.78,1923.52
2.79,1918.26
2.8,1913.04
2.81,1907.85
2.82,1902.69
2.83,1897.56
2.84,1892.46
2.85,1887.4
2.86,1882.36
2.87,1877.35
2.88,1872.38
2.89,1867.43
2.9,1862.51
2.91,1857.62
2.92,1852.76
2.93,1847.93
2.94,1843.13
2.95,1838.35
2.96,1833.6
2.97,1828.88
2.98,1824.19
2.99,1819.52
3,1814.88
3.01,1810.26
3.02,1805.67
3.03,1801.11
3.04,1796.57
3.05,1792.06
3.06,1787.57
3.07,1783.11
3.08,1778.67
3.09,1774.25
3.1,1769.86
3.11,1765.49
3.12,1761.15
3.13,1756.83
3.14,1752.54
3.15,1748.26
3.16,1744.01
3.17,1739.78
3.18,1735.58
3.19,1731.39
3.2,1727.23
3.21,1723.09
3.22,1718.97
3.23,1714.88
3.24,1710.8
3.25,1706.75
3.26,1702.71
3.27,1698.7
3.28,1694.71
3.29,1690.74
3.3,1686.78
3.31,1682.85
3.32,1678.94
3.33,1675.04
3.34,1671.17
3.35,1667.32
3.36,1663.48
3.37,1659.67
3.38,1655.87
3.39,1652.09
3.4,1648.33
3.41,1644.59
3.42,1640.86
3.43,1637.16
3.44,1633.47
3.45,1629.8
3.46,1626.14
3.47,1622.51
3.48,1618.89
3.49,1615.29
3.5,1611.71
3.51,1608.14
3.52,1604.59
3.53,1601.05
3.54,1597.54
3.55,1594.04
3.56,1590.55
3.57,1587.08
3.58,1583.63
3.59,1580.19
3.6,1576.77
3.61,1573.37
3.62,1569.98
3.63,1566.6
3.64,1563.24
3.65,1559.9
3.66,1556.57
3.67,1553.25
3.68,1549.95
3.69,1546.66
3.7,1543.39
3.71,1540.14
3.72,1536.89
3.73,1533.67
3.74,1530.45
3.75,1527.25
3.76,1524.07
3.77,1520.89
3.78,1517.73
3.79,1514.59
3.8,1511.46
3.81,1508.34
3.82,1505.23
3.83,1502.14
3.84,1499.06
3.85,1496
3.86,1492.94
3.87,1489.9
3.88,1486.87
3.89,1483.86
3.9,1480.86
3.91,1477.87
3.92,1474.89
3.93,1471.92
3.94,1468.97
3.95,1466.03
3.96,1463.1
3.97,1460.18
3.98,1457.27
3.99,1454.38
4,1451.5
4.01,1448.62
4.02,1445.76
4.03,1442.92
4.04,1440.08
4.05,1437.25
4.06,1434.44
4.07,1431.63
4.08,1428.84
4.09,1426.06
4.1,1423.29
4.11,1420.53
4.12,1417.78
4.13,1415.04
4.14,1412.31
4.15,1409.6
4.16,1406.89
4.17,1404.19
4.18,1401.5
4.19,1398.83
4.2,1396.16
4.21,1393.5
4.22,1390.86
4.23,1388.22
4.24,1385.6
4.25,1382.98
4.26,1380.37
4.27,1377.77
4.28,1375.19
4.29,1372.61
4.3,1370.04
4.31,1367.48
4.32,1364.93
4.33,1362.39
4.34,1359.86
4.35,1357.33
4.36,1354.82
4.37,1352.32
4.38,1349.82
4.39,1347.33
4.4,1344.86
4.41,1342.39
4.42,1339.93
4.43,1337.48
4.44,1335.03
4.45,1332.6
4.46,1330.18
4.47,1327.76
4.48,1325.35
4.49,1322.95
4.5,1320.56
4.51,1318.17
4.52,1315.8
4.53,1313.43
4.54,1311.07
4.55,1308.72
4.56,1306.38
4.57,1304.04
4.58,1301.72
4.59,1299.4
4.6,1297.09
4.61,1294.78
4.62,1292.49
4.63,1290.2
4.64,1287.92
4.65,1285.65
4.66,1283.38
4.67,1281.12
4.68,1278.87
4.69,1276.63
4.7,1274.39
4.71,1272.17
4.72,1269.94
4.73,1267.73
4.74,1265.52
4.75,1263.33
4.76,1261.13
4.77,1258.95
4.78,1256.77
4.79,1254.6
4.8,1252.43
4.81,1250.28
4.82,1248.13
4.83,1245.98
4.84,1243.85
4.85,1241.72
4.86,1239.59
4.87,1237.47
4.88,1235.36
4.89,1233.26
4.9,1231.16
4.91,1229.07
4.92,1226.99
4.93,1224.91
4.94,1222.84
4.95,1220.78
4.96,1218.72
4.97,1216.67
4.98,1214.62
4.99,1212.58
5,1210.55
5.01,1208.52
5.02,1206.5
5.03,1204.48
5.04,1202.47
5.05,1200.47
5.06,1198.47
5.07,1196.48
5.08,1194.5
5.09,1192.52
5.1,1190.54
5.11,1188.58
5.12,1186.62
5.13,1184.66
5.14,1182.71
5.15,1180.76
5.16,1178.83
5.17,1176.89
5.18,1174.96
5.19,1173.04
5.2,1171.13
5.21,1169.22
5.22,1167.31
5.23,1165.41
5.24,1163.51
5.25,1161.63
5.26,1159.74
5.27,1157.86
5.28,1155.99
5.29,1154.12
5.3,1152.26
5.31,1150.4
5.32,1148.55
5.33,1146.7
5.34,1144.86
5.35,1143.02
5.36,1141.19
5.37,1139.37
5.38,1137.55
5.39,1135.73
5.4,1133.92
5.41,1132.11
5.42,1130.31
5.43,1128.51
5.44,1126.72
5.45,1124.93
5.46,1123.15
5.47,1121.37
5.48,1119.6
5.49,1117.83
5.5,1116.07
5.51,1114.31
5.52,1112.56
5.53,1110.81
5.54,1109.07
5.55,1107.33
5.56,1105.59
5.57,1103.86
5.58,1102.14
5.59,1100.42
5.6,1098.7
5.61,1096.99
5.62,1095.28
5.63,1093.58
5.64,1091.88
5.65,1090.18
5.66,1088.49
5.67,1086.81
5.68,1085.13
5.69,1083.45
5.7,1081.78
5.71,1080.11
5.72,1078.44
5.73,1076.78
5.74,1075.13
5.75,1073.48
5.76,1071.83
5.77,1070.19
5.78,1068.55
5.79,1066.91
5.8,1065.28
5.81,1063.66
5.82,1062.03
5.83,1060.42
5.84,1058.8
5.85,1057.19
5.86,1055.58
5.87,1053.98
5.88,1052.38
5.89,1050.79
5.9,1049.2
5.91,1047.61
5.92,1046.03
5.93,1044.45
5.94,1042.87
5.95,1041.3
5.96,1039.74
5.97,1038.17
5.98,1036.61
5.99,1035.06
6,1033.5
6.01,1031.95
6.02,1030.41
6.03,1028.87
6.04,1027.33
6.05,1025.8
6.06,1024.27
6.07,1022.74
6.08,1021.22
6.09,1019.7
6.1,1018.18
6.11,1016.67
6.12,1015.16
6.13,1013.65
6.14,1012.15
6.15,1010.65
6.16,1009.16
6.17,1007.67
6.18,1006.18
6.19,1004.7
6.2,1003.21
6.21,1001.74
6.22,1000.26
6.23,998.792
6.24,997.324
6.25,995.86
6.26,994.399
6.27,992.942
6.28,991.488
6.29,990.037
6.3,988.589
6.31,987.145
6.32,985.704
6.33,984.266
6.34,982.832
6.35,981.4
6.36,979.972
6.37,978.547
6.38,977.125
6.39,975.707
6.4,974.291
6.41,972.879
6.42,971.47
6.43,970.064
6.44,968.661
6.45,967.261
6.46,965.864
6.47,964.47
6.48,963.079
6.49,961.691
6.5,960.307
6.51,958.925
6.52,957.546
6.53,956.17
6.54,954.798
6.55,953.428
6.56,952.061
6.57,950.697
6.58,949.336
6.59,947.978
6.6,946.623
6.61,945.27
6.62,943.921
6.63,942.574
6.64,941.231
6.65,939.89
6.66,938.552
6.67,937.216
6.68,935.884
6.69,934.554
6.7,933.228
6.71,931.904
6.72,930.582
6.73,929.264
6.74,927.948
6.75,926.635
6.76,925.324
6.77,924.017
6.78,922.712
6.79,921.41
6.8,920.11
6.81,918.813
6.82,917.519
6.83,916.227
6.84,914.939
6.85,913.652
6.86,912.369
6.87,911.087
6.88,909.809
6.89,908.533
6.9,907.26
6.91,905.989
6.92,904.721
6.93,903.455
6.94,902.192
6.95,900.932
6.96,899.674
6.97,898.418
6.98,897.165
6.99,895.915
7,894.667
7.01,893.421
7.02,892.178
7.03,890.937
7.04,889.699
7.05,888.464
7.06,887.23
7.07,885.999
7.08,884.771
7.09,883.545
7.1,882.321
7.11,881.1
7.12,879.881
7.13,878.665
7.14,877.451
7.15,876.239
7.16,875.029
7.17,873.822
7.18,872.618
7.19,871.415
7.2,870.215
7.21,869.017
7.22,867.822
7.23,866.628
7.24,865.437
7.25,864.249
7.26,863.062
7.27,861.878
7.28,860.696
7.29,859.517
7.3,858.339
7.31,857.164
7.32,855.991
7.33,854.82
7.34,853.652
7.35,852.485
7.36,851.321
7.37,850.159
7.38,848.999
7.39,847.841
7.4,846.686
7.41,845.533
7.42,844.381
7.43,843.232
7.44,842.085
7.45,840.941
7.46,839.798
7.47,838.657
7.48,837.519
7.49,836.382
7.5,835.248
7.51,834.116
7.52,832.986
7.53,831.857
7.54,830.731
7.55,829.607
7.56,828.485
7.57,827.366
7.58,826.248
7.59,825.132
7.6,824.018
7.61,822.906
7.62,821.796
7.63,820.689
7.64,819.583
7.65,818.479
7.66,817.377
7.67,816.277
7.68,815.179
7.69,814.083
7.7,812.989
7.71,811.897
7.72,810.807
7.73,809.719
7.74,808.633
7.75,807.548
7.76,806.466
7.77,805.386
7.78,804.307
7.79,803.23
7.8,802.155
7.81,801.083
7.82,800.012
7.83,798.942
7.84,797.875
7.85,796.81
7.86,795.746
7.87,794.685
7.88,793.625
7.89,792.567
7.9,791.511
7.91,790.456
7.92,789.404
7.93,788.353
7.94,787.304
7.95,786.257
7.96,785.212
7.97,784.168
7.98,783.127
7.99,782.087
8,781.049
8.01,780.012
8.02,778.978
8.03,777.945
8.04,776.914
8.05,775.885
8.06,774.857
8.07,773.831
8.08,772.807
8.09,771.785
8.1,770.764
8.11,769.746
8.12,768.728
8.13,767.713
8.14,766.699
8.15,765.687
8.16,764.677
8.17,763.668
8.18,762.661
8.19,761.656
8.2,760.652
8.21,759.651
8.22,758.65
8.23,757.652
8.24,756.655
8.25,755.66
8.26,754.666
8.27,753.674
8.28,752.684
8.29,751.695
8.3,750.708
8.31,749.723
8.32,748.739
8.33,747.757
8.34,746.776
8.35,745.797
8.36,744.82
8.37,743.844
8.38,742.87
8.39,741.897
8.4,740.926
8.41,739.957
8.42,738.989
8.43,738.023
8.44,737.058
8.45,736.095
8.46,735.133
8.47,734.173
8.48,733.215
8.49,732.258
8.5,731.303
8.51,730.349
8.52,729.397
8.53,728.446
8.54,727.497
8.55,726.549
8.56,725.603
8.57,724.658
8.58,723.715
8.59,722.773
8.6,721.833
8.61,720.894
8.62,719.957
8.63,719.021
8.64,718.087
8.65,717.155
8.66,716.223
8.67,715.294
8.68,714.365
8.69,713.438
8.7,712.513
8.71,711.589
8.72,710.667
8.73,709.746
8.74,708.826
8.75,707.908
8.76,706.991
8.77,706.076
8.78,705.162
8.79,704.25
8.8,703.339
8.81,702.43
8.82,701.521
8.83,700.615
8.84,699.709
8.85,698.806
8.86,697.903
8.87,697.002
8.88,696.102
8.89,695.204
8.9,694.307
8.91,693.412
8.92,692.518
8.93,691.625
8.94,690.733
8.95,689.843
8.96,688.955
8.97,688.067
8.98,687.182
8.99,686.297
9,685.414
9.01,684.532
9.02,683.651
9.03,682.772
9.04,681.894
9.05,681.018
9.06,680.143
9.07,679.269
9.08,678.397
9.09,677.525
9.1,676.656
9.11,675.787
9.12,674.92
9.13,674.054
9.14,673.189
9.15,672.326
9.16,671.464
9.17,670.603
9.18,669.744
9.19,668.886
9.2,668.029
9.21,667.174
9.22,666.319
9.23,665.467
9.24,664.615
9.25,663.764
9.26,662.915
9.27,662.067
9.28,661.221
9.29,660.376
9.3,659.532
9.31,658.689
9.32,657.847
9.33,657.007
9.34,656.168
9.35,655.33
9.36,654.493
9.37,653.658
9.38,652.824
9.39,651.991
9.4,651.16
9.41,650.329
9.42,649.5
9.43,648.672
9.44,647.845
9.45,647.02
9.46,646.195
9.47,645.372
9.48,644.55
9.49,643.73
9.5,642.91
9.51,642.092
9.52,641.275
9.53,640.459
9.54,639.644
9.55,638.831
9.56,638.019
9.57,637.207
9.58,636.398
9.59,635.589
9.6,634.781
9.61,633.975
9.62,633.169
9.63,632.365
9.64,631.563
9.65,630.761
9.66,629.96
9.67,629.161
9.68,628.362
9.69,627.565
9.7,626.769
9.71,625.975
9.72,625.181
9.73,624.388
9.74,623.597
9.75,622.807
9.76,622.018
9.77,621.23
9.78,620.443
9.79,619.657
9.8,618.872
9.81,618.089
9.82,617.307
9.83,616.525
9.84,615.745
9.85,614.966
9.86,614.188
9.87,613.411
9.88,612.636
9.89,611.861
9.9,611.088
9.91,610.315
9.92,609.544
9.93,608.774
9.94,608.005
9.95,607.237
9.96,606.47
9.97,605.704
9.98,604.939
9.99,604.176
10,603.413
10.01,602.652
10.02,601.891
10.03,601.132
10.04,600.373
10.05,599.616
10.06,598.86
10.07,598.105
10.08,597.351
10.09,596.598
10.1,595.846
10.11,595.095
10.12,594.345
10.13,593.597
10.14,592.849
10.15,592.102
10.16,591.357
10.17,590.612
10.18,589.869
10.19,589.126
10.2,588.385
10.21,587.644
10.22,586.905
10.23,586.166
10.24,585.429
10.25,584.693
10.26,583.958
10.27,583.223
10.28,582.49
10.29,581.758
10.3,581.027
10.31,580.296
10.32,579.567
10.33,578.839
10.34,578.112
10.35,577.386
10.36,576.661
10.37,575.936
10.38,575.213
10.39,574.491
10.4,573.77
10.41,573.05
10.42,572.331
10.43,571.612
10.44,570.895
10.45,570.179
10.46,569.464
10.47,568.749
10.48,568.036
10.49,567.324
10.5,566.613
10.51,565.902
10.52,565.193
10.53,564.484
10.54,563.777
10.55,563.071
10.56,562.365
10.57,561.661
10.58,560.957
10.59,560.254
10.6,559.553
10.61,558.852
10.62,558.152
10.63,557.453
10.64,556.756
10.65,556.059
10.66,555.363
10.67,554.668
10.68,553.974
10.69,553.281
10.7,552.588
10.71,551.897
10.72,551.207
10.73,550.518
10.74,549.829
10.75,549.142
10.76,548.455
10.77,547.77
10.78,547.085
10.79,546.401
10.8,545.718
10.81,545.036
10.82,544.355
10.83,543.675
10.84,542.996
10.85,542.318
10.86,541.64
10.87,540.964
10.88,540.288
10.89,539.614
10.9,538.94
10.91,538.267
10.92,537.595
10.93,536.924
10.94,536.254
10.95,535.585
10.96,534.917
10.97,534.249
10.98,533.583
10.99,532.917
11,532.252
11.01,531.588
11.02,530.926
11.03,530.263
11.04,529.602
11.05,528.942
11.06,528.283
11.07,527.624
11.08,526.966
11.09,526.309
11.1,525.654
11.11,524.999
11.12,524.344
11.13,523.691
11.14,523.039
11.15,522.387
11.16,521.736
11.17,521.086
11.18,520.437
11.19,519.789
11.2,519.142
11.21,518.496
11.22,517.85
11.23,517.205
11.24,516.562
11.25,515.919
11.26,515.277
11.27,514.635
11.28,513.995
11.29,513.355
11.3,512.716
11.31,512.079
11.32,511.442
11.33,510.805
11.34,510.17
11.35,509.535
11.36,508.902
11.37,508.269
11.38,507.637
11.39,507.006
11.4,506.375
11.41,505.746
11.42,505.117
11.43,504.489
11.44,503.862
11.45,503.236
11.46,502.61
11.47,501.986
11.48,501.362
11.49,500.739
11.5,500.117
11.51,499.496
11.52,498.875
11.53,498.255
11.54,497.636
11.55,497.018
11.56,496.401
11.57,495.785
11.58,495.169
11.59,494.554
11.6,493.94
11.61,493.327
11.62,492.714
11.63,492.103
11.64,491.492
11.65,490.882
11.66,490.273
11.67,489.664
11.68,489.057
11.69,488.45
11.7,487.844
11.71,487.238
11.72,486.634
11.73,486.03
11.74,485.427
11.75,484.825
11.76,484.224
11.77,483.623
11.78,483.023
11.79,482.424
11.8,481.826
11.81,481.229
11.82,480.632
11.83,480.036
11.84,479.441
11.85,478.846
11.86,478.253
11.87,477.66
11.88,477.068
11.89,476.477
11.9,475.886
11.91,475.296
11.92,474.707
11.93,474.119
11.94,473.532
11.95,472.945
11.96,472.359
11.97,471.774
11.98,471.189
11.99,470.605
12,470.022
12.01,469.44
12.02,468.859
12.03,468.278
12.04,467.698
12.05,467.119
12.06,466.541
12.07,465.963
12.08,465.386
12.09,464.81
12.1,464.234
12.11,463.659
12.12,463.085
12.13,462.512
12.14,461.94
12.15,461.368
12.16,460.797
12.17,460.227
12.18,459.657
12.19,459.088
12.2,458.52
12.21,457.953
12.22,457.386
12.23,456.82
12.24,456.255
12.25,455.69
12.26,455.126
12.27,454.563
12.28,454.001
12.29,453.44
12.3,452.879
12.31,452.318
12.32,451.759
12.33,451.2
12.34,450.642
12.35,450.085
12.36,449.528
12.37,448.973
12.38,448.417
12.39,447.863
12.4,447.309
12.41,446.756
12.42,446.204
12.43,445.652
12.44,445.101
12.45,444.551
12.46,444.001
12.47,443.453
12.48,442.905
12.49,442.357
12.5,441.81
12.51,441.264
12.52,440.719
12.53,440.174
12.54,439.63
12.55,439.087
12.56,438.545
12.57,438.003
12.58,437.462
12.59,436.921
12.6,436.381
12.61,435.842
12.62,435.304
12.63,434.766
12.64,434.229
12.65,433.693
12.66,433.157
12.67,432.622
12.68,432.088
12.69,431.554
12.7,431.021
12.71,430.489
12.72,429.957
12.73,429.426
12.74,428.896
12.75,428.366
12.76,427.837
12.77,427.309
12.78,426.781
12.79,426.254
12.8,425.728
12.81,425.203
12.82,424.678
12.83,424.153
12.84,423.63
12.85,423.107
12.86,422.585
12.87,422.063
12.88,421.542
12.89,421.022
12.9,420.502
12.91,419.983
12.92,419.465
12.93,418.947
12.94,418.43
12.95,417.914
12.96,417.398
12.97,416.883
12.98,416.369
12.99,415.855
13,415.342
13.01,414.829
13.02,414.317
13.03,413.806
13.04,413.296
13.05,412.786
13.06,412.277
13.07,411.768
13.08,411.26
13.09,410.753
13.1,410.246
13.11,409.74
13.12,409.235
13.13,408.73
13.14,408.226
13.15,407.722
13.16,407.219
13.17,406.717
13.18,406.216
13.19,405.715
13.2,405.214
13.21,404.715
13.22,404.216
13.23,403.717
13.24,403.219
13.25,402.722
13.26,402.226
13.27,401.73
13.28,401.234
13.29,400.74
13.3,400.246
13.31,399.752
13.32,399.259
13.33,398.767
13.34,398.276
13.35,397.785
13.36,397.294
13.37,396.804
13.38,396.315
13.39,395.827
13.4,395.339
13.41,394.852
13.42,394.365
13.43,393.879
13.44,393.393
13.45,392.909
13.46,392.424
13.47,391.941
13.48,391.458
13.49,390.975
13.5,390.494
13.51,390.012
13.52,389.532
13.53,389.052
13.54,388.572
13.55,388.094
13.56,387.615
13.57,387.138
13.58,386.661
13.59,386.184
13.6,385.708
13.61,385.233
13.62,384.759
13.63,384.285
13.64,383.811
13.65,383.338
13.66,382.866
13.67,382.394
13.68,381.923
13.69,381.453
13.7,380.983
13.71,380.514
13.72,380.045
13.73,379.577
13.74,379.109
13.75,378.642
13.76,378.176
13.77,377.71
13.78,377.245
13.79,376.78
13.8,376.316
13.81,375.853
13.82,375.39
13.83,374.928
13.84,374.466
13.85,374.005
13.86,373.544
13.87,373.084
13.88,372.625
13.89,372.166
13.9,371.708
13.91,371.25
13.92,370.793
13.93,370.336
13.94,369.88
13.95,369.425
13.96,368.97
13.97,368.515
13.98,368.062
13.99,367.609
14,367.156
14.01,366.704
14.02,366.252
14.03,365.802
14.04,365.351
14.05,364.901
14.06,364.452
14.07,364.004
14.08,363.555
14.09,363.108
14.1,362.661
14.11,362.214
14.12,361.769
14.13,361.323
14.14,360.878
14.15,360.434
14.16,359.991
14.17,359.547
14.18,359.105
14.19,358.663
14.2,358.221
14.21,357.78
14.22,357.34
14.23,356.9
14.24,356.461
14.25,356.022
14.26,355.584
14.27,355.147
14.28,354.709
14.29,354.273
14.3,353.837
14.31,353.401
14.32,352.967
14.33,352.532
14.34,352.098
14.35,351.665
14.36,351.232
14.37,350.8
14.38,350.368
14.39,349.937
14.4,349.507
14.41,349.077
14.42,348.647
14.43,348.218
14.44,347.79
14.45,347.362
14.46,346.934
14.47,346.507
14.48,346.081
14.49,345.655
14.5,345.23
14.51,344.805
14.52,344.381
14.53,343.957
14.54,343.534
14.55,343.111
14.56,342.689
14.57,342.268
14.58,341.846
14.59,341.426
14.6,341.006
14.61,340.586
14.62,340.167
14.63,339.749
14.64,339.331
14.65,338.914
14.66,338.497
14.67,338.08
14.68,337.664
14.69,337.249
14.7,336.834
14.71,336.42
14.72,336.006
14.73,335.593
14.74,335.18
14.75,334.768
14.76,334.356
14.77,333.944
14.78,333.534
14.79,333.123
14.8,332.714
14.81,332.305
14.82,331.896
14.83,331.488
14.84,331.08
14.85,330.673
14.86,330.266
14.87,329.86
14.88,329.454
14.89,329.049
14.9,328.644
14.91,328.24
14.92,327.836
14.93,327.433
14.94,327.03
14.95,326.628
14.96,326.227
14.97,325.825
14.98,325.425
14.99,325.025
15,324.625
15.01,324.226
15.02,323.827
15.03,323.429
15.04,323.031
15.05,322.634
15.06,322.237
15.07,321.841
15.08,321.445
15.09,321.05
15.1,320.655
15.11,320.261
15.12,319.867
15.13,319.474
15.14,319.081
15.15,318.688
15.16,318.297
15.17,317.905
15.18,317.514
15.19,317.124
15.2,316.734
15.21,316.345
15.22,315.956
15.23,315.567
15.24,315.179
15.25,314.792
15.26,314.405
15.27,314.018
15.28,313.632
15.29,313.246
15.3,312.861
15.31,312.477
15.32,312.093
15.33,311.709
15.34,311.326
15.35,310.943
15.36,310.561
15.37,310.179
15.38,309.797
15.39,309.417
15.4,309.036
15.41,308.656
15.42,308.277
15.43,307.898
15.44,307.519
15.45,307.141
15.46,306.764
15.47,306.387
15.48,306.01
15.49,305.634
15.5,305.258
15.51,304.883
15.52,304.508
15.53,304.134
15.54,303.76
15.55,303.387
15.56,303.014
15.57,302.641
15.58,302.269
15.59,301.898
15.6,301.527
15.61,301.156
15.62,300.786
15.63,300.416
15.64,300.047
15.65,299.678
15.66,299.31
15.67,298.942
15.68,298.575
15.69,298.208
15.7,297.841
15.71,297.475
15.72,297.11
15.73,296.744
15.74,296.38
15.75,296.015
15.76,295.652
15.77,295.288
15.78,294.925
15.79,294.563
15.8,294.201
15.81,293.839
15.82,293.478
15.83,293.118
15.84,292.757
15.85,292.398
15.86,292.038
15.87,291.679
15.88,291.321
15.89,290.963
15.9,290.605
15.91,290.248
15.92,289.892
15.93,289.535
15.94,289.18
15.95,288.824
15.96,288.469
15.97,288.115
15.98,287.761
15.99,287.407
16,287.054
16.01,286.701
16.02,286.349
16.03,285.997
16.04,285.646
16.05,285.295
16.06,284.944
16.07,284.594
16.08,284.244
16.09,283.895
16.1,283.546
16.11,283.198
16.12,282.85
16.13,282.502
16.14,282.155
16.15,281.809
16.16,281.462
16.17,281.117
16.18,280.771
16.19,280.426
16.2,280.082
16.21,279.738
16.22,279.394
16.23,279.051
16.24,278.708
16.25,278.365
16.26,278.023
16.27,277.682
16.28,277.341
16.29,277
16.3,276.66
16.31,276.32
16.32,275.98
16.33,275.641
16.34,275.303
16.35,274.965
16.36,274.627
16.37,274.289
16.38,273.952
16.39,273.616
16.4,273.28
16.41,272.944
16.42,272.609
16.43,272.274
16.44,271.94
16.45,271.605
16.46,271.272
16.47,270.939
16.48,270.606
16.49,270.273
16.5,269.941
16.51,269.61
16.52,269.279
16.53,268.948
16.54,268.618
16.55,268.288
16.56,267.958
16.57,267.629
16.58,267.3
16.59,266.972
16.6,266.644
16.61,266.317
16.62,265.99
16.63,265.663
16.64,265.337
16.65,265.011
16.66,264.685
16.67,264.36
16.68,264.035
16.69,263.711
16.7,263.387
16.71,263.064
16.72,262.741
16.73,262.418
16.74,262.096
16.75,261.774
16.76,261.452
16.77,261.131
16.78,260.811
16.79,260.49
16.8,260.171
16.81,259.851
16.82,259.532
16.83,259.213
16.84,258.895
16.85,258.577
16.86,258.259
16.87,257.942
16.88,257.626
16.89,257.309
16.9,256.993
16.91,256.678
16.92,256.363
16.93,256.048
16.94,255.733
16.95,255.419
16.96,255.106
16.97,254.793
16.98,254.48
16.99,254.167
17,253.855
17.01,253.543
17.02,253.232
17.03,252.921
17.04,252.611
17.05,252.301
17.06,251.991
17.07,251.681
17.08,251.372
17.09,251.064
17.1,250.756
17.11,250.448
17.12,250.14
17.13,249.833
17.14,249.526
17.15,249.22
17.16,248.914
17.17,248.609
17.18,248.303
17.19,247.999
17.2,247.694
17.21,247.39
17.22,247.086
17.23,246.783
17.24,246.48
17.25,246.178
17.26,245.875
17.27,245.574
17.28,245.272
17.29,244.971
17.3,244.67
17.31,244.37
17.32,244.07
17.33,243.771
17.34,243.471
17.35,243.173
17.36,242.874
17.37,242.576
17.38,242.278
17.39,241.981
17.4,241.684
17.41,241.387
17.42,241.091
17.43,240.795
17.44,240.5
17.45,240.204
17.46,239.91
17.47,239.615
17.48,239.321
17.49,239.027
17.5,238.734
17.51,238.441
17.52,238.148
17.53,237.856
17.54,237.564
17.55,237.273
17.56,236.982
17.57,236.691
17.58,236.4
17.59,236.11
17.6,235.821
17.61,235.531
17.62,235.242
17.63,234.954
17.64,234.665
17.65,234.377
17.66,234.09
17.67,233.803
17.68,233.516
17.69,233.229
17.7,232.943
17.71,232.657
17.72,232.372
17.73,232.087
17.74,231.802
17.75,231.518
17.76,231.233
17.77,230.95
17.78,230.666
17.79,230.383
17.8,230.101
17.81,229.819
17.82,229.537
17.83,229.255
17.84,228.974
17.85,228.693
17.86,228.412
17.87,228.132
17.88,227.852
17.89,227.573
17.9,227.294
17.91,227.015
17.92,226.736
17.93,226.458
17.94,226.181
17.95,225.903
17.96,225.626
17.97,225.349
17.98,225.073
17.99,224.797
18,224.521
18.01,224.246
18.02,223.971
18.03,223.696
18.04,223.422
18.05,223.148
18.06,222.874
18.07,222.601
18.08,222.328
18.09,222.055
18.1,221.783
18.11,221.511
18.12,221.239
18.13,220.968
18.14,220.697
18.15,220.426
18.16,220.156
18.17,219.886
18.18,219.617
18.19,219.347
18.2,219.078
18.21,218.81
18.22,218.541
18.23,218.273
18.24,218.006
18.25,217.739
18.26,217.472
18.27,217.205
18.28,216.939
18.29,216.673
18.3,216.407
18.31,216.142
18.32,215.877
18.33,215.612
18.34,215.348
18.35,215.084
18.36,214.82
18.37,214.557
18.38,214.294
18.39,214.031
18.4,213.769
18.41,213.507
18.42,213.245
18.43,212.984
18.44,212.723
18.45,212.462
18.46,212.202
18.47,211.942
18.48,211.682
18.49,211.422
18.5,211.163
18.51,210.904
18.52,210.646
18.53,210.388
18.54,210.13
18.55,209.873
18.56,209.615
18.57,209.358
18.58,209.102
18.59,208.846
18.6,208.59
18.61,208.334
18.62,208.079
18.63,207.824
18.64,207.569
18.65,207.315
18.66,207.061
18.67,206.807
18.68,206.554
18.69,206.301
18.7,206.048
18.71,205.796
18.72,205.544
18.73,205.292
18.74,205.04
18.75,204.789
18.76,204.538
18.77,204.288
18.78,204.037
18.79,203.787
18.8,203.538
18.81,203.289
18.82,203.04
18.83,202.791
18.84,202.542
18.85,202.294
18.86,202.047
18.87,201.799
18.88,201.552
18.89,201.305
18.9,201.059
18.91,200.812
18.92,200.567
18.93,200.321
18.94,200.076
18.95,199.831
18.96,199.586
18.97,199.342
18.98,199.097
18.99,198.854
19,198.61
19.01,198.367
19.02,198.124
19.03,197.882
19.04,197.639
19.05,197.397
19.06,197.156
19.07,196.914
19.08,196.673
19.09,196.432
19.1,196.192
19.11,195.952
19.12,195.712
19.13,195.472
19.14,195.233
19.15,194.994
19.16,194.755
19.17,194.517
19.18,194.279
19.19,194.041
19.2,193.804
19.21,193.566
19.22,193.33
19.23,193.093
19.24,192.857
19.25,192.621
19.26,192.385
19.27,192.15
19.28,191.914
19.29,191.68
19.3,191.445
19.31,191.211
19.32,190.977
19.33,190.743
19.34,190.51
19.35,190.277
19.36,190.044
19.37,189.811
19.38,189.579
19.39,189.347
19.4,189.116
19.41,188.884
19.42,188.653
19.43,188.422
19.44,188.192
19.45,187.962
19.46,187.732
19.47,187.502
19.48,187.273
19.49,187.044
19.5,186.815
19.51,186.587
19.52,186.358
19.53,186.13
19.54,185.903
19.55,185.675
19.56,185.448
19.57,185.222
19.58,184.995
19.59,184.769
19.6,184.543
19.61,184.317
19.62,184.092
19.63,183.867
19.64,183.642
19.65,183.418
19.66,183.193
19.67,182.969
19.68,182.746
19.69,182.522
19.7,182.299
19.71,182.076
19.72,181.854
19.73,181.632
19.74,181.41
19.75,181.188
19.76,180.966
19.77,180.745
19.78,180.524
19.79,180.304
19.8,180.083
19.81,179.863
19.82,179.643
19.83,179.424
19.84,179.205
19.85,178.986
19.86,178.767
19.87,178.549
19.88,178.33
19.89,178.113
19.9,177.895
19.91,177.678
19.92,177.461
19.93,177.244
19.94,177.027
19.95,176.811
19.96,176.595
19.97,176.379
19.98,176.164
19.99,175.949
20,175.734
20.01,175.519
20.02,175.305
20.03,175.091
20.04,174.877
20.05,174.663
20.06,174.45
20.07,174.237
20.08,174.024
20.09,173.812
20.1,173.6
20.11,173.388
20.12,173.176
20.13,172.964
20.14,172.753
20.15,172.542
20.16,172.332
20.17,172.121
20.18,171.911
20.19,171.701
20.2,171.492
20.21,171.283
20.22,171.074
20.23,170.865
20.24,170.656
20.25,170.448
20.26,170.24
20.27,170.032
20.28,169.825
20.29,169.617
20.3,169.41
20.31,169.204
20.32,168.997
20.33,168.791
20.34,168.585
20.35,168.379
20.36,168.174
20.37,167.969
20.38,167.764
20.39,167.559
20.4,167.355
20.41,167.151
20.42,166.947
20.43,166.743
20.44,166.54
20.45,166.337
20.46,166.134
20.47,165.931
20.48,165.729
20.49,165.527
20.5,165.325
20.51,165.124
20.52,164.922
20.53,164.721
20.54,164.52
20.55,164.32
20.56,164.119
20.57,163.919
20.58,163.719
20.59,163.52
20.6,163.321
20.61,163.122
20.62,162.923
20.63,162.724
20.64,162.526
20.65,162.328
20.66,162.13
20.67,161.932
20.68,161.735
20.69,161.538
20.7,161.341
20.71,161.145
20.72,160.948
20.73,160.752
20.74,160.556
20.75,160.361
20.76,160.165
20.77,159.97
20.78,159.775
20.79,159.581
20.8,159.386
20.81,159.192
20.82,158.998
20.83,158.805
20.84,158.611
20.85,158.418
20.86,158.225
20.87,158.033
20.88,157.84
20.89,157.648
20.9,157.456
20.91,157.264
20.92,157.073
20.93,156.882
20.94,156.691
20.95,156.5
20.96,156.309
20.97,156.119
20.98,155.929
20.99,155.739
21,155.55
21.01,155.361
21.02,155.172
21.03,154.983
21.04,154.794
21.05,154.606
21.06,154.418
21.07,154.23
21.08,154.042
21.09,153.855
21.1,153.668
21.11,153.481
21.12,153.294
21.13,153.108
21.14,152.921
21.15,152.735
21.16,152.55
21.17,152.364
21.18,152.179
21.19,151.994
21.2,151.809
21.21,151.624
21.22,151.44
21.23,151.256
21.24,151.072
21.25,150.888
21.26,150.705
21.27,150.522
21.28,150.339
21.29,150.156
21.3,149.973
21.31,149.791
21.32,149.609
21.33,149.427
21.34,149.246
21.35,149.064
21.36,148.883
21.37,148.702
21.38,148.522
21.39,148.341
21.4,148.161
21.41,147.981
21.42,147.801
21.43,147.622
21.44,147.443
21.45,147.263
21.46,147.085
21.47,146.906
21.48,146.728
21.49,146.549
21.5,146.371
21.51,146.194
21.52,146.016
21.53,145.839
21.54,145.662
21.55,145.485
21.56,145.308
21.57,145.132
21.58,144.956
21.59,144.78
21.6,144.604
21.61,144.429
21.62,144.254
21.63,144.079
21.64,143.904
21.65,143.729
21.66,143.555
21.67,143.381
21.68,143.207
21.69,143.033
21.7,142.859
21.71,142.686
21.72,142.513
21.73,142.34
21.74,142.168
21.75,141.995
21.76,141.823
21.77,141.651
21.78,141.479
21.79,141.308
21.8,141.136
21.81,140.965
21.82,140.794
21.83,140.624
21.84,140.453
21.85,140.283
21.86,140.113
21.87,139.943
21.88,139.774
21.89,139.604
21.9,139.435
21.91,139.266
21.92,139.097
21.93,138.929
21.94,138.761
21.95,138.593
21.96,138.425
21.97,138.257
21.98,138.09
21.99,137.922
22,137.755
22.01,137.588
22.02,137.422
22.03,137.255
22.04,137.089
22.05,136.923
22.06,136.758
22.07,136.592
22.08,136.427
22.09,136.261
22.1,136.097
22.11,135.932
22.12,135.767
22.13,135.603
22.14,135.439
22.15,135.275
22.16,135.111
22.17,134.948
22.18,134.785
22.19,134.622
22.2,134.459
22.21,134.296
22.22,134.134
22.23,133.972
22.24,133.81
22.25,133.648
22.26,133.486
22.27,133.325
22.28,133.164
22.29,133.003
22.3,132.842
22.31,132.681
22.32,132.521
22.33,132.361
22.34,132.201
22.35,132.041
22.36,131.881
22.37,131.722
22.38,131.563
22.39,131.404
22.4,131.245
22.41,131.087
22.42,130.928
22.43,130.77
22.44,130.612
22.45,130.454
22.46,130.297
22.47,130.14
22.48,129.982
22.49,129.825
22.5,129.669
22.51,129.512
22.52,129.356
22.53,129.2
22.54,129.044
22.55,128.888
22.56,128.732
22.57,128.577
22.58,128.422
22.59,128.267
22.6,128.112
22.61,127.958
22.62,127.803
22.63,127.649
22.64,127.495
22.65,127.341
22.66,127.188
22.67,127.034
22.68,126.881
22.69,126.728
22.7,126.575
22.71,126.423
22.72,126.27
22.73,126.118
22.74,125.966
22.75,125.814
22.76,125.663
22.77,125.511
22.78,125.36
22.79,125.209
22.8,125.058
22.81,124.907
22.82,124.757
22.83,124.607
22.84,124.457
22.85,124.307
22.86,124.157
22.87,124.007
22.88,123.858
22.89,123.709
22.9,123.56
22.91,123.411
22.92,123.263
22.93,123.114
22.94,122.966
22.95,122.818
22.96,122.67
22.97,122.523
22.98,122.375
22.99,122.228
23,122.081
23.01,121.934
23.02,121.788
23.03,121.641
23.04,121.495
23.05,121.349
23.06,121.203
23.07,121.057
23.08,120.911
23.09,120.766
23.1,120.621
23.11,120.476
23.12,120.331
23.13,120.186
23.14,120.042
23.15,119.898
23.16,119.754
23.17,119.61
23.18,119.466
23.19,119.323
23.2,119.179
23.21,119.036
23.22,118.893
23.23,118.75
23.24,118.608
23.25,118.465
23.26,118.323
23.27,118.181
23.28,118.039
23.29,117.897
23.3,117.756
23.31,117.615
23.32,117.473
23.33,117.332
23.34,117.192
23.35,117.051
23.36,116.911
23.37,116.77
23.38,116.63
23.39,116.49
23.4,116.351
23.41,116.211
23.42,116.072
23.43,115.933
23.44,115.794
23.45,115.655
23.46,115.516
23.47,115.378
23.48,115.239
23.49,115.101
23.5,114.963
23.51,114.826
23.52,114.688
23.53,114.551
23.54,114.414
23.55,114.276
23.56,114.14
23.57,114.003
23.58,113.866
23.59,113.73
23.6,113.594
23.61,113.458
23.62,113.322
23.63,113.186
23.64,113.051
23.65,112.916
23.66,112.781
23.67,112.646
23.68,112.511
23.69,112.376
23.7,112.242
23.71,112.108
23.72,111.973
23.73,111.84
23.74,111.706
23.75,111.572
23.76,111.439
23.77,111.306
23.78,111.173
23.79,111.04
23.8,110.907
23.81,110.775
23.82,110.642
23.83,110.51
23.84,110.378
23.85,110.246
23.86,110.114
23.87,109.983
23.88,109.852
23.89,109.72
23.9,109.589
23.91,109.458
23.92,109.328
23.93,109.197
23.94,109.067
23.95,108.937
23.96,108.807
23.97,108.677
23.98,108.547
23.99,108.418
24,108.289
24.01,108.159
24.02,108.03
24.03,107.902
24.04,107.773
24.05,107.644
24.06,107.516
24.07,107.388
24.08,107.26
24.09,107.132
24.1,107.004
24.11,106.877
24.12,106.75
24.13,106.622
24.14,106.495
24.15,106.368
24.16,106.242
24.17,106.115
24.18,105.989
24.19,105.863
24.2,105.737
24.21,105.611
24.22,105.485
24.23,105.36
24.24,105.234
24.25,105.109
24.26,104.984
24.27,104.859
24.28,104.734
24.29,104.61
24.3,104.485
24.31,104.361
24.32,104.237
24.33,104.113
24.34,103.989
24.35,103.866
24.36,103.742
24.37,103.619
24.38,103.496
24.39,103.373
24.4,103.25
24.41,103.127
24.42,103.005
24.43,102.882
24.44,102.76
24.45,102.638
24.46,102.516
24.47,102.395
24.48,102.273
24.49,102.152
24.5,102.031
24.51,101.909
24.52,101.789
24.53,101.668
24.54,101.547
24.55,101.427
24.56,101.306
24.57,101.186
24.58,101.066
24.59,100.946
24.6,100.827
24.61,100.707
24.62,100.588
24.63,100.469
24.64,100.35
24.65,100.231
24.66,100.112
24.67,99.9934
24.68,99.875
24.69,99.7567
24.7,99.6386
24.71,99.5206
24.72,99.4028
24.73,99.2851
24.74,99.1676
24.75,99.0502
24.76,98.933
24.77,98.816
24.78,98.6991
24.79,98.5823
24.8,98.4657
24.81,98.3492
24.82,98.2329
24.83,98.1168
24.84,98.0008
24.85,97.8849
24.86,97.7693
24.87,97.6537
24.88,97.5383
24.89,97.4231
24.9,97.308
24.91,97.193
24.92,97.0782
24.93,96.9636
24.94,96.8491
24.95,96.7347
24.96,96.6205
24.97,96.5065
24.98,96.3926
24.99,96.2788
25,96.1652
25.01,96.0517
25.02,95.9384
25.03,95.8252
25.04,95.7122
25.05,95.5994
25.06,95.4866
25.07,95.3741
25.08,95.2616
25.09,95.1493
25.1,95.0372
25.11,94.9252
25.12,94.8134
25.13,94.7017
25.14,94.5901
25.15,94.4787
25.16,94.3674
25.17,94.2563
25.18,94.1453
25.19,94.0345
25.2,93.9238
25.21,93.8133
25.22,93.7029
25.23,93.5926
25.24,93.4825
25.25,93.3726
25.26,93.2627
25.27,93.153
25.28,93.0435
25.29,92.9341
25.3,92.8249
25.31,92.7158
25.32,92.6068
25.33,92.498
25.34,92.3893
25.35,92.2808
25.36,92.1724
25.37,92.0641
25.38,91.956
25.39,91.848
25.4,91.7402
25.41,91.6325
25.42,91.5249
25.43,91.4175
25.44,91.3103
25.45,91.2031
25.46,91.0961
25.47,90.9893
25.48,90.8826
25.49,90.776
25.5,90.6696
25.51,90.5633
25.52,90.4571
25.53,90.3511
25.54,90.2453
25.55,90.1395
25.56,90.0339
25.57,89.9285
25.58,89.8231
25.59,89.718
25.6,89.6129
25.61,89.508
25.62,89.4032
25.63,89.2986
25.64,89.1941
25.65,89.0897
25.66,88.9855
25.67,88.8814
25.68,88.7775
25.69,88.6737
25.7,88.57
25.71,88.4664
25.72,88.363
25.73,88.2598
25.74,88.1566
25.75,88.0536
25.76,87.9508
25.77,87.848
25.78,87.7454
25.79,87.643
25.8,87.5407
25.81,87.4385
25.82,87.3364
25.83,87.2345
25.84,87.1327
25.85,87.031
25.86,86.9295
25.87,86.8281
25.88,86.7269
25.89,86.6257
25.9,86.5247
25.91,86.4239
25.92,86.3232
25.93,86.2226
25.94,86.1221
25.95,86.0218
25.96,85.9216
25.97,85.8215
25.98,85.7216
25.99,85.6218
26,85.5221
26.01,85.4226
26.02,85.3231
26.03,85.2239
26.04,85.1247
26.05,85.0257
26.06,84.9268
26.07,84.8281
26.08,84.7294
26.09,84.6309
26.1,84.5326
26.11,84.4343
26.12,84.3362
26.13,84.2382
26.14,84.1404
26.15,84.0426
26.16,83.9451
26.17,83.8476
26.18,83.7503
26.19,83.653
26.2,83.556
26.21,83.459
26.22,83.3622
26.23,83.2655
26.24,83.1689
26.25,83.0725
26.26,82.9762
26.27,82.88
26.28,82.7839
26.29,82.688
26.3,82.5922
26.31,82.4965
26.32,82.4009
26.33,82.3055
26.34,82.2102
26.35,82.115
26.36,82.02
26.37,81.925
26.38,81.8302
26.39,81.7355
26.4,81.641
26.41,81.5466
26.42,81.4523
26.43,81.3581
26.44,81.264
26.45,81.1701
26.46,81.0763
26.47,80.9826
26.48,80.8891
26.49,80.7956
26.5,80.7023
26.51,80.6091
26.52,80.5161
26.53,80.4231
26.54,80.3303
26.55,80.2376
26.56,80.145
26.57,80.0526
26.58,79.9603
26.59,79.8681
26.6,79.776
26.61,79.684
26.62,79.5922
26.63,79.5005
26.64,79.4089
26.65,79.3174
26.66,79.226
26.67,79.1348
26.68,79.0437
26.69,78.9527
26.7,78.8618
26.71,78.7711
26.72,78.6804
26.73,78.5899
26.74,78.4995
26.75,78.4093
26.76,78.3191
26.77,78.2291
26.78,78.1392
26.79,78.0494
26.8,77.9597
26.81,77.8701
26.82,77.7807
26.83,77.6914
26.84,77.6022
26.85,77.5131
26.86,77.4241
26.87,77.3353
26.88,77.2466
26.89,77.158
26.9,77.0695
26.91,76.9811
26.92,76.8928
26.93,76.8047
26.94,76.7167
26.95,76.6288
26.96,76.541
26.97,76.4533
26.98,76.3658
26.99,76.2783
27,76.191
27.01,76.1038
27.02,76.0167
27.03,75.9297
27.04,75.8429
27.05,75.7561
27.06,75.6695
27.07,75.583
27.08,75.4966
27.09,75.4103
27.1,75.3241
27.11,75.2381
27.12,75.1521
27.13,75.0663
27.14,74.9806
27.15,74.895
27.16,74.8095
27.17,74.7242
27.18,74.6389
27.19,74.5538
27.2,74.4687
27.21,74.3838
27.22,74.299
27.23,74.2143
27.24,74.1298
27.25,74.0453
27.26,73.9609
27.27,73.8767
27.28,73.7926
27.29,73.7086
27.3,73.6247
27.31,73.5409
27.32,73.4572
27.33,73.3736
27.34,73.2902
27.35,73.2068
27.36,73.1236
27.37,73.0405
27.38,72.9575
27.39,72.8746
27.4,72.7918
27.41,72.7091
27.42,72.6266
27.43,72.5441
27.44,72.4618
27.45,72.3795
27.46,72.2974
27.47,72.2154
27.48,72.1335
27.49,72.0517
27.5,71.97
27.51,71.8884
27.52,71.8069
27.53,71.7256
27.54,71.6443
27.55,71.5632
27.56,71.4821
27.57,71.4012
27.58,71.3204
27.59,71.2397
27.6,71.1591
27.61,71.0786
27.62,70.9982
27.63,70.9179
27.64,70.8378
27.65,70.7577
27.66,70.6777
27.67,70.5979
27.68,70.5181
27.69,70.4385
27.7,70.359
27.71,70.2796
27.72,70.2002
27.73,70.121
27.74,70.0419
27.75,69.9629
27.76,69.8841
27.77,69.8053
27.78,69.7266
27.79,69.648
27.8,69.5695
27.81,69.4912
27.82,69.4129
27.83,69.3348
27.84,69.2567
27.85,69.1788
27.86,69.1009
27.87,69.0232
27.88,68.9456
27.89,68.8681
27.9,68.7906
27.91,68.7133
27.92,68.6361
27.93,68.559
27.94,68.482
27.95,68.4051
27.96,68.3283
27.97,68.2516
27.98,68.175
27.99,68.0985
28,68.0221
28.01,67.9458
28.02,67.8697
28.03,67.7936
28.04,67.7176
28.05,67.6417
28.06,67.566
28.07,67.4903
28.08,67.4147
28.09,67.3393
28.1,67.2639
28.11,67.1886
28.12,67.1135
28.13,67.0384
28.14,66.9635
28.15,66.8886
28.16,66.8138
28.17,66.7392
28.18,66.6646
28.19,66.5902
28.2,66.5158
28.21,66.4416
28.22,66.3674
28.23,66.2934
28.24,66.2194
28.25,66.1456
28.26,66.0718
28.27,65.9981
28.28,65.9246
28.29,65.8511
28.3,65.7778
28.31,65.7045
28.32,65.6314
28.33,65.5583
28.34,65.4853
28.35,65.4125
28.36,65.3397
28.37,65.267
28.38,65.1945
28.39,65.122
28.4,65.0496
28.41,64.9774
28.42,64.9052
28.43,64.8331
28.44,64.7611
28.45,64.6892
28.46,64.6175
28.47,64.5458
28.48,64.4742
28.49,64.4027
28.5,64.3313
28.51,64.26
28.52,64.1888
28.53,64.1177
28.54,64.0466
28.55,63.9757
28.56,63.9049
28.57,63.8342
28.58,63.7636
28.59,63.693
28.6,63.6226
28.61,63.5522
28.62,63.482
28.63,63.4118
28.64,63.3418
28.65,63.2718
28.66,63.202
28.67,63.1322
28.68,63.0625
28.69,62.9929
28.7,62.9234
28.71,62.8541
28.72,62.7848
28.73,62.7156
28.74,62.6464
28.75,62.5774
28.76,62.5085
28.77,62.4397
28.78,62.3709
28.79,62.3023
28.8,62.2337
28.81,62.1653
28.82,62.0969
28.83,62.0287
28.84,61.9605
28.85,61.8924
28.86,61.8244
28.87,61.7565
28.88,61.6887
28.89,61.621
28.9,61.5534
28.91,61.4858
28.92,61.4184
28.93,61.351
28.94,61.2838
28.95,61.2166
28.96,61.1495
28.97,61.0826
28.98,61.0157
28.99,60.9489
29,60.8822
29.01,60.8156
29.02,60.749
29.03,60.6826
29.04,60.6163
29.05,60.55
29.06,60.4838
29.07,60.4178
29.08,60.3518
29.09,60.2859
29.1,60.2201
29.11,60.1544
29.12,60.0887
29.13,60.0232
29.14,59.9578
29.15,59.8924
29.16,59.8271
29.17,59.762
29.18,59.6969
29.19,59.6319
29.2,59.567
29.21,59.5021
29.22,59.4374
29.23,59.3728
29.24,59.3082
29.25,59.2437
29.26,59.1794
29.27,59.1151
29.28,59.0509
29.29,58.9868
29.3,58.9227
29.31,58.8588
29.32,58.7949
29.33,58.7312
29.34,58.6675
29.35,58.6039
29.36,58.5404
29.37,58.477
29.38,58.4137
29.39,58.3504
29.4,58.2873
29.41,58.2242
29.42,58.1612
29.43,58.0983
29.44,58.0355
29.45,57.9728
29.46,57.9101
29.47,57.8476
29.48,57.7851
29.49,57.7227
29.5,57.6604
29.51,57.5982
29.52,57.5361
29.53,57.4741
29.54,57.4121
29.55,57.3502
29.56,57.2884
29.57,57.2267
29.58,57.1651
29.59,57.1036
29.6,57.0422
29.61,56.9808
29.62,56.9195
29.63,56.8583
29.64,56.7972
29.65,56.7362
29.66,56.6752
29.67,56.6144
29.68,56.5536
29.69,56.4929
29.7,56.4323
29.71,56.3718
29.72,56.3114
29.73,56.251
29.74,56.1907
29.75,56.1305
29.76,56.0704
29.77,56.0104
29.78,55.9505
29.79,55.8906
29.8,55.8308
29.81,55.7711
29.82,55.7115
29.83,55.652
29.84,55.5926
29.85,55.5332
29.86,55.4739
29.87,55.4147
29.88,55.3556
29.89,55.2965
29.9,55.2376
29.91,55.1787
29.92,55.1199
29.93,55.0612
29.94,55.0026
29.95,54.944
29.96,54.8855
29.97,54.8272
29.98,54.7688
29.99,54.7106
30,54.6525
30.01,54.5944
30.02,54.5364
30.03,54.4785
30.04,54.4207
30.05,54.3629
30.06,54.3053
30.07,54.2477
30.08,54.1902
30.09,54.1327
30.1,54.0754
30.11,54.0181
30.12,53.9609
30.13,53.9038
30.14,53.8468
30.15,53.7898
30.16,53.733
30.17,53.6762
30.18,53.6195
30.19,53.5628
30.2,53.5063
30.21,53.4498
30.22,53.3934
30.23,53.3371
30.24,53.2808
30.25,53.2246
30.26,53.1685
30.27,53.1125
30.28,53.0566
30.29,53.0007
30.3,52.945
30.31,52.8893
30.32,52.8336
30.33,52.7781
30.34,52.7226
30.35,52.6672
30.36,52.6119
30.37,52.5567
30.38,52.5015
30.39,52.4464
30.4,52.3914
30.41,52.3365
30.42,52.2816
30.43,52.2268
30.44,52.1721
30.45,52.1175
30.46,52.063
30.47,52.0085
30.48,51.9541
30.49,51.8998
30.5,51.8455
30.51,51.7913
30.52,51.7372
30.53,51.6832
30.54,51.6293
30.55,51.5754
30.56,51.5216
30.57,51.4679
30.58,51.4142
30.59,51.3607
30.6,51.3072
30.61,51.2537
30.62,51.2004
30.63,51.1471
30.64,51.0939
30.65,51.0408
30.66,50.9877
30.67,50.9348
30.68,50.8819
30.69,50.829
30.7,50.7763
30.71,50.7236
30.72,50.671
30.73,50.6184
30.74,50.566
30.75,50.5136
30.76,50.4613
30.77,50.409
30.78,50.3569
30.79,50.3048
30.8,50.2527
30.81,50.2008
30.82,50.1489
30.83,50.0971
30.84,50.0454
30.85,49.9937
30.86,49.9421
30.87,49.8906
30.88,49.8392
30.89,49.7878
30.9,49.7365
30.91,49.6853
30.92,49.6341
30.93,49.583
30.94,49.532
30.95,49.4811
30.96,49.4302
30.97,49.3794
30.98,49.3287
30.99,49.278
31,49.2275
31.01,49.1769
31.02,49.1265
31.03,49.0761
31.04,49.0258
31.05,48.9756
31.06,48.9254
31.07,48.8753
31.08,48.8253
31.09,48.7754
31.1,48.7255
31.11,48.6757
31.12,48.626
31.13,48.5763
31.14,48.5267
31.15,48.4772
31.16,48.4277
31.17,48.3783
31.18,48.329
31.19,48.2797
31.2,48.2306
31.21,48.1814
31.22,48.1324
31.23,48.0834
31.24,48.0345
31.25,47.9857
31.26,47.9369
31.27,47.8882
31.28,47.8396
31.29,47.791
31.3,47.7425
31.31,47.6941
31.32,47.6458
31.33,47.5975
31.34,47.5492
31.35,47.5011
31.36,47.453
31.37,47.405
31.38,47.357
31.39,47.3092
31.4,47.2614
31.41,47.2136
31.42,47.1659
31.43,47.1183
31.44,47.0708
31.45,47.0233
31.46,46.9759
31.47,46.9286
31.48,46.8813
31.49,46.8341
31.5,46.7869
31.51,46.7399
31.52,46.6928
31.53,46.6459
31.54,46.599
31.55,46.5522
31.56,46.5055
31.57,46.4588
31.58,46.4122
31.59,46.3657
31.6,46.3192
31.61,46.2728
31.62,46.2264
31.63,46.1801
31.64,46.1339
31.65,46.0878
31.66,46.0417
31.67,45.9957
31.68,45.9497
31.69,45.9038
31.7,45.858
31.71,45.8122
31.72,45.7666
31.73,45.7209
31.74,45.6754
31.75,45.6299
31.76,45.5844
31.77,45.5391
31.78,45.4938
31.79,45.4485
31.8,45.4033
31.81,45.3582
31.82,45.3132
31.83,45.2682
31.84,45.2233
31.85,45.1784
31.86,45.1336
31.87,45.0889
31.88,45.0442
31.89,44.9996
31.9,44.9551
31.91,44.9106
31.92,44.8662
31.93,44.8219
31.94,44.7776
31.95,44.7334
31.96,44.6892
31.97,44.6451
31.98,44.6011
31.99,44.5571
32,44.5132
32.01,44.4694
32.02,44.4256
32.03,44.3819
32.04,44.3382
32.05,44.2946
32.06,44.2511
32.07,44.2076
32.08,44.1642
32.09,44.1209
32.1,44.0776
32.11,44.0343
32.12,43.9912
32.13,43.9481
32.14,43.9051
32.15,43.8621
32.16,43.8192
32.17,43.7763
32.18,43.7335
32.19,43.6908
32.2,43.6481
32.21,43.6055
32.22,43.563
32.23,43.5205
32.24,43.4781
32.25,43.4357
32.26,43.3934
32.27,43.3512
32.28,43.309
32.29,43.2668
32.3,43.2248
32.31,43.1828
32.32,43.1408
32.33,43.099
32.34,43.0571
32.35,43.0154
32.36,42.9737
32.37,42.932
32.38,42.8905
32.39,42.8489
32.4,42.8075
32.41,42.7661
32.42,42.7247
32.43,42.6835
32.44,42.6422
32.45,42.6011
32.46,42.56
32.47,42.5189
32.48,42.4779
32.49,42.437
32.5,42.3961
32.51,42.3553
32.52,42.3146
32.53,42.2739
32.54,42.2333
32.55,42.1927
32.56,42.1522
32.57,42.1117
32.58,42.0713
32.59,42.031
32.6,41.9907
32.61,41.9505
32.62,41.9103
32.63,41.8702
32.64,41.8301
32.65,41.7901
32.66,41.7502
32.67,41.7103
32.68,41.6705
32.69,41.6307
32.7,41.591
32.71,41.5514
32.72,41.5118
32.73,41.4723
32.74,41.4328
32.75,41.3934
32.76,41.354
32.77,41.3147
32.78,41.2754
32.79,41.2363
32.8,41.1971
32.81,41.158
32.82,41.119
32.83,41.08
32.84,41.0411
32.85,41.0023
32.86,40.9635
32.87,40.9248
32.88,40.8861
32.89,40.8474
32.9,40.8089
32.91,40.7704
32.92,40.7319
32.93,40.6935
32.94,40.6551
32.95,40.6168
32.96,40.5786
32.97,40.5404
32.98,40.5023
32.99,40.4642
33,40.4262
33.01,40.3883
33.02,40.3503
33.03,40.3125
33.04,40.2747
33.05,40.237
33.06,40.1993
33.07,40.1616
33.08,40.1241
33.09,40.0865
33.1,40.0491
33.11,40.0117
33.12,39.9743
33.13,39.937
33.14,39.8998
33.15,39.8626
33.16,39.8254
33.17,39.7883
33.18,39.7513
33.19,39.7143
33.2,39.6774
33.21,39.6405
33.22,39.6037
33.23,39.567
33.24,39.5302
33.25,39.4936
33.26,39.457
33.27,39.4204
33.28,39.3839
33.29,39.3475
33.3,39.3111
33.31,39.2748
33.32,39.2385
33.33,39.2023
33.34,39.1661
33.35,39.13
33.36,39.0939
33.37,39.0579
33.38,39.0219
33.39,38.986
33.4,38.9501
33.41,38.9143
33.42,38.8786
33.43,38.8429
33.44,38.8072
33.45,38.7716
33.46,38.7361
33.47,38.7006
33.48,38.6651
33.49,38.6297
33.5,38.5944
33.51,38.5591
33.52,38.5239
33.53,38.4887
33.54,38.4536
33.55,38.4185
33.56,38.3835
33.57,38.3485
33.58,38.3136
33.59,38.2787
33.6,38.2439
33.61,38.2091
33.62,38.1744
33.63,38.1397
33.64,38.1051
33.65,38.0705
33.66,38.036
33.67,38.0015
33.68,37.9671
33.69,37.9328
33.7,37.8985
33.71,37.8642
33.72,37.83
33.73,37.7958
33.74,37.7617
33.75,37.7276
33.76,37.6936
33.77,37.6597
33.78,37.6258
33.79,37.5919
33.8,37.5581
33.81,37.5243
33.82,37.4906
33.83,37.457
33.84,37.4233
33.85,37.3898
33.86,37.3563
33.87,37.3228
33.88,37.2894
33.89,37.256
33.9,37.2227
33.91,37.1894
33.92,37.1562
33.93,37.1231
33.94,37.0899
33.95,37.0569
33.96,37.0239
33.97,36.9909
33.98,36.958
33.99,36.9251
34,36.8923
34.01,36.8595
34.02,36.8268
34.03,36.7941
34.04,36.7615
34.05,36.7289
34.06,36.6963
34.07,36.6638
34.08,36.6314
34.09,36.599
34.1,36.5667
34.11,36.5344
34.12,36.5021
34.13,36.4699
34.14,36.4378
34.15,36.4057
34.16,36.3736
34.17,36.3416
34.18,36.3097
34.19,36.2778
34.2,36.2459
34.21,36.2141
34.22,36.1823
34.23,36.1506
34.24,36.1189
34.25,36.0873
34.26,36.0557
34.27,36.0242
34.28,35.9927
34.29,35.9613
34.3,35.9299
34.31,35.8985
34.32,35.8672
34.33,35.836
34.34,35.8048
34.35,35.7736
34.36,35.7425
34.37,35.7114
34.38,35.6804
34.39,35.6494
34.4,35.6185
34.41,35.5876
34.42,35.5568
34.43,35.526
34.44,35.4953
34.45,35.4646
34.46,35.4339
34.47,35.4033
34.48,35.3728
34.49,35.3422
34.5,35.3118
34.51,35.2814
34.52,35.251
34.53,35.2207
34.54,35.1904
34.55,35.1601
34.56,35.1299
34.57,35.0998
34.58,35.0697
34.59,35.0396
34.6,35.0096
34.61,34.9796
34.62,34.9497
34.63,34.9198
34.64,34.89
34.65,34.8602
34.66,34.8305
34.67,34.8008
34.68,34.7711
34.69,34.7415
34.7,34.7119
34.71,34.6824
34.72,34.653
34.73,34.6235
34.74,34.5941
34.75,34.5648
34.76,34.5355
34.77,34.5062
34.78,34.477
34.79,34.4479
34.8,34.4187
34.81,34.3897
34.82,34.3606
34.83,34.3316
34.84,34.3027
34.85,34.2738
34.86,34.2449
34.87,34.2161
34.88,34.1873
34.89,34.1586
34.9,34.1299
34.91,34.1013
34.92,34.0727
34.93,34.0441
34.94,34.0156
34.95,33.9871
34.96,33.9587
34.97,33.9303
34.98,33.902
34.99,33.8737
35,33.8454
35.01,33.8172
35.02,33.789
35.03,33.7609
35.04,33.7328
35.05,33.7048
35.06,33.6768
35.07,33.6488
35.08,33.6209
35.09,33.593
35.1,33.5652
35.11,33.5374
35.12,33.5097
35.13,33.482
35.14,33.4543
35.15,33.4267
35.16,33.3991
35.17,33.3716
35.18,33.3441
35.19,33.3166
35.2,33.2892
35.21,33.2619
35.22,33.2345
35.23,33.2073
35.24,33.18
35.25,33.1528
35.26,33.1257
35.27,33.0985
35.28,33.0715
35.29,33.0444
35.3,33.0174
35.31,32.9905
35.32,32.9636
35.33,32.9367
35.34,32.9099
35.35,32.8831
35.36,32.8563
35.37,32.8296
35.38,32.8029
35.39,32.7763
35.4,32.7497
35.41,32.7232
35.42,32.6967
35.43,32.6702
35.44,32.6438
35.45,32.6174
35.46,32.5911
35.47,32.5648
35.48,32.5385
35.49,32.5123
35.5,32.4861
35.51,32.46
35.52,32.4339
35.53,32.4078
35.54,32.3818
35.55,32.3558
35.56,32.3299
35.57,32.304
35.58,32.2781
35.59,32.2523
35.6,32.2265
35.61,32.2008
35.62,32.175
35.63,32.1494
35.64,32.1238
35.65,32.0982
35.66,32.0726
35.67,32.0471
35.68,32.0217
35.69,31.9962
35.7,31.9708
35.71,31.9455
35.72,31.9202
35.73,31.8949
35.74,31.8697
35.75,31.8445
35.76,31.8193
35.77,31.7942
35.78,31.7691
35.79,31.7441
35.8,31.7191
35.81,31.6941
35.82,31.6692
35.83,31.6443
35.84,31.6195
35.85,31.5947
35.86,31.5699
35.87,31.5452
35.88,31.5205
35.89,31.4958
35.9,31.4712
35.91,31.4466
35.92,31.4221
35.93,31.3976
35.94,31.3731
35.95,31.3487
35.96,31.3243
35.97,31.3
35.98,31.2757
35.99,31.2514
36,31.2271
36.01,31.2029
36.02,31.1788
36.03,31.1547
36.04,31.1306
36.05,31.1065
36.06,31.0825
36.07,31.0585
36.08,31.0346
36.09,31.0107
36.1,30.9868
36.11,30.963
36.12,30.9392
36.13,30.9155
36.14,30.8918
36.15,30.8681
36.16,30.8444
36.17,30.8208
36.18,30.7973
36.19,30.7737
36.2,30.7502
36.21,30.7268
36.22,30.7034
36.23,30.68
36.24,30.6566
36.25,30.6333
36.26,30.61
36.27,30.5868
36.28,30.5636
36.29,30.5404
36.3,30.5173
36.31,30.4942
36.32,30.4711
36.33,30.4481
36.34,30.4251
36.35,30.4022
36.36,30.3793
36.37,30.3564
36.38,30.3336
36.39,30.3108
36.4,30.288
36.41,30.2652
36.42,30.2426
36.43,30.2199
36.44,30.1973
36.45,30.1747
36.46,30.1521
36.47,30.1296
36.48,30.1071
36.49,30.0847
36.5,30.0622
36.51,30.0399
36.52,30.0175
36.53,29.9952
36.54,29.9729
36.55,29.9507
36.56,29.9285
36.57,29.9063
36.58,29.8842
36.59,29.8621
36.6,29.84
36.61,29.818
36.62,29.796
36.63,29.774
36.64,29.7521
36.65,29.7302
36.66,29.7084
36.67,29.6865
36.68,29.6647
36.69,29.643
36.7,29.6213
36.71,29.5996
36.72,29.5779
36.73,29.5563
36.74,29.5347
36.75,29.5132
36.76,29.4917
36.77,29.4702
36.78,29.4488
36.79,29.4273
36.8,29.406
36.81,29.3846
36.82,29.3633
36.83,29.342
36.84,29.3208
36.85,29.2996
36.86,29.2784
36.87,29.2573
36.88,29.2362
36.89,29.2151
36.9,29.194
36.91,29.173
36.92,29.1521
36.93,29.1311
36.94,29.1102
36.95,29.0893
36.96,29.0685
36.97,29.0477
36.98,29.0269
36.99,29.0062
37,28.9855
37.01,28.9648
37.02,28.9441
37.03,28.9235
37.04,28.903
37.05,28.8824
37.06,28.8619
37.07,28.8414
37.08,28.821
37.09,28.8006
37.1,28.7802
37.11,28.7598
37.12,28.7395
37.13,28.7192
37.14,28.699
37.15,28.6788
37.16,28.6586
37.17,28.6384
37.18,28.6183
37.19,28.5982
37.2,28.5782
37.21,28.5581
37.22,28.5381
37.23,28.5182
37.24,28.4983
37.25,28.4784
37.26,28.4585
37.27,28.4387
37.28,28.4189
37.29,28.3991
37.3,28.3794
37.31,28.3597
37.32,28.34
37.33,28.3203
37.34,28.3007
37.35,28.2812
37.36,28.2616
37.37,28.2421
37.38,28.2226
37.39,28.2032
37.4,28.1837
37.41,28.1643
37.42,28.145
37.43,28.1257
37.44,28.1064
37.45,28.0871
37.46,28.0679
37.47,28.0487
37.48,28.0295
37.49,28.0103
37.5,27.9912
37.51,27.9722
37.52,27.9531
37.53,27.9341
37.54,27.9151
37.55,27.8961
37.56,27.8772
37.57,27.8583
37.58,27.8395
37.59,27.8206
37.6,27.8018
37.61,27.7831
37.62,27.7643
37.63,27.7456
37.64,27.7269
37.65,27.7083
37.66,27.6896
37.67,27.6711
37.68,27.6525
37.69,27.634
37.7,27.6155
37.71,27.597
37.72,27.5786
37.73,27.5601
37.74,27.5418
37.75,27.5234
37.76,27.5051
37.77,27.4868
37.78,27.4685
37.79,27.4503
37.8,27.4321
37.81,27.4139
37.82,27.3958
37.83,27.3777
37.84,27.3596
37.85,27.3416
37.86,27.3235
37.87,27.3055
37.88,27.2876
37.89,27.2696
37.9,27.2517
37.91,27.2339
37.92,27.216
37.93,27.1982
37.94,27.1804
37.95,27.1627
37.96,27.1449
37.97,27.1272
37.98,27.1095
37.99,27.0919
38,27.0743
38.01,27.0567
38.02,27.0392
38.03,27.0216
38.04,27.0041
38.05,26.9867
38.06,26.9692
38.07,26.9518
38.08,26.9344
38.09,26.9171
38.1,26.8997
38.11,26.8824
38.12,26.8652
38.13,26.8479
38.14,26.8307
38.15,26.8135
38.16,26.7964
38.17,26.7793
38.18,26.7622
38.19,26.7451
38.2,26.728
38.21,26.711
38.22,26.694
38.23,26.6771
38.24,26.6602
38.25,26.6432
38.26,26.6264
38.27,26.6095
38.28,26.5927
38.29,26.5759
38.3,26.5592
38.31,26.5424
38.32,26.5257
38.33,26.509
38.34,26.4924
38.35,26.4758
38.36,26.4592
38.37,26.4426
38.38,26.4261
38.39,26.4095
38.4,26.3931
38.41,26.3766
38.42,26.3602
38.43,26.3438
38.44,26.3274
38.45,26.311
38.46,26.2947
38.47,26.2784
38.48,26.2621
38.49,26.2459
38.5,26.2297
38.51,26.2135
38.52,26.1973
38.53,26.1812
38.54,26.1651
38.55,26.149
38.56,26.133
38.57,26.117
38.58,26.101
38.59,26.085
38.6,26.069
38.61,26.0531
38.62,26.0372
38.63,26.0214
38.64,26.0055
38.65,25.9897
38.66,25.9739
38.67,25.9582
38.68,25.9424
38.69,25.9267
38.7,25.9111
38.71,25.8954
38.72,25.8798
38.73,25.8642
38.74,25.8486
38.75,25.8331
38.76,25.8175
38.77,25.802
38.78,25.7866
38.79,25.7711
38.8,25.7557
38.81,25.7403
38.82,25.725
38.83,25.7096
38.84,25.6943
38.85,25.679
38.86,25.6638
38.87,25.6485
38.88,25.6333
38.89,25.6181
38.9,25.603
38.91,25.5878
38.92,25.5727
38.93,25.5576
38.94,25.5426
38.95,25.5276
38.96,25.5126
38.97,25.4976
38.98,25.4826
38.99,25.4677
39,25.4528
39.01,25.4379
39.02,25.4231
39.03,25.4082
39.04,25.3934
39.05,25.3786
39.06,25.3639
39.07,25.3492
39.08,25.3345
39.09,25.3198
39.1,25.3051
39.11,25.2905
39.12,25.2759
39.13,25.2613
39.14,25.2468
39.15,25.2322
39.16,25.2177
39.17,25.2033
39.18,25.1888
39.19,25.1744
39.2,25.16
39.21,25.1456
39.22,25.1312
39.23,25.1169
39.24,25.1026
39.25,25.0883
39.26,25.0741
39.27,25.0598
39.28,25.0456
39.29,25.0315
39.3,25.0173
39.31,25.0032
39.32,24.989
39.33,24.975
39.34,24.9609
39.35,24.9469
39.36,24.9328
39.37,24.9189
39.38,24.9049
39.39,24.891
39.4,24.877
39.41,24.8631
39.42,24.8493
39.43,24.8354
39.44,24.8216
39.45,24.8078
39.46,24.794
39.47,24.7803
39.48,24.7666
39.49,24.7529
39.5,24.7392
39.51,24.7255
39.52,24.7119
39.53,24.6983
39.54,24.6847
39.55,24.6711
39.56,24.6576
39.57,24.6441
39.58,24.6306
39.59,24.6171
39.6,24.6037
39.61,24.5903
39.62,24.5769
39.63,24.5635
39.64,24.5501
39.65,24.5368
39.66,24.5235
39.67,24.5102
39.68,24.497
39.69,24.4837
39.7,24.4705
39.71,24.4573
39.72,24.4442
39.73,24.431
39.74,24.4179
39.75,24.4048
39.76,24.3917
39.77,24.3787
39.78,24.3657
39.79,24.3527
39.8,24.3397
39.81,24.3267
39.82,24.3138
39.83,24.3009
39.84,24.288
39.85,24.2751
39.86,24.2623
39.87,24.2494
39.88,24.2366
39.89,24.2238
39.9,24.2111
39.91,24.1984
39.92,24.1856
39.93,24.173
39.94,24.1603
39.95,24.1476
39.96,24.135
39.97,24.1224
39.98,24.1098
39.99,24.0973
40,24.0847
40.01,24.0722
40.02,24.0597
40.03,24.0473
40.04,24.0348
40.05,24.0224
40.06,24.01
40.07,23.9976
40.08,23.9853
40.09,23.9729
40.1,23.9606
40.11,23.9483
40.12,23.9361
40.13,23.9238
40.14,23.9116
40.15,23.8994
40.16,23.8872
40.17,23.875
40.18,23.8629
40.19,23.8508
40.2,23.8387
40.21,23.8266
40.22,23.8145
40.23,23.8025
40.24,23.7905
40.25,23.7785
40.26,23.7665
40.27,23.7546
40.28,23.7427
40.29,23.7308
40.3,23.7189
40.31,23.707
40.32,23.6952
40.33,23.6834
40.34,23.6716
40.35,23.6598
40.36,23.648
40.37,23.6363
40.38,23.6246
40.39,23.6129
40.4,23.6012
40.41,23.5896
40.42,23.5779
40.43,23.5663
40.44,23.5547
40.45,23.5432
40.46,23.5316
40.47,23.5201
40.48,23.5086
40.49,23.4971
40.5,23.4856
40.51,23.4742
40.52,23.4628
40.53,23.4514
40.54,23.44
40.55,23.4286
40.56,23.4173
40.57,23.4059
40.58,23.3946
40.59,23.3834
40.6,23.3721
40.61,23.3609
40.62,23.3497
40.63,23.3385
40.64,23.3273
40.65,23.3161
40.66,23.305
40.67,23.2939
40.68,23.2828
40.69,23.2717
40.7,23.2606
40.71,23.2496
40.72,23.2386
40.73,23.2276
40.74,23.2166
40.75,23.2056
40.76,23.1947
40.77,23.1838
40.78,23.1729
40.79,23.162
40.8,23.1512
40.81,23.1403
40.82,23.1295
40.83,23.1187
40.84,23.1079
40.85,23.0972
40.86,23.0864
40.87,23.0757
40.88,23.065
40.89,23.0543
40.9,23.0437
40.91,23.033
40.92,23.0224
40.93,23.0118
40.94,23.0012
40.95,22.9907
40.96,22.9801
40.97,22.9696
40.98,22.9591
40.99,22.9486
41,22.9382
41.01,22.9277
41.02,22.9173
41.03,22.9069
41.04,22.8965
41.05,22.8861
41.06,22.8758
41.07,22.8654
41.08,22.8551
41.09,22.8448
41.1,22.8346
41.11,22.8243
41.12,22.8141
41.13,22.8038
41.14,22.7936
41.15,22.7835
41.16,22.7733
41.17,22.7632
41.18,22.753
41.19,22.7429
41.2,22.7329
41.21,22.7228
41.22,22.7127
41.23,22.7027
41.24,22.6927
41.25,22.6827
41.26,22.6727
41.27,22.6628
41.28,22.6528
41.29,22.6429
41.3,22.633
41.31,22.6231
41.32,22.6133
41.33,22.6034
41.34,22.5936
41.35,22.5838
41.36,22.574
41.37,22.5643
41.38,22.5545
41.39,22.5448
41.4,22.5351
41.41,22.5254
41.42,22.5157
41.43,22.506
41.44,22.4964
41.45,22.4868
41.46,22.4771
41.47,22.4676
41.48,22.458
41.49,22.4484
41.5,22.4389
41.51,22.4294
41.52,22.4199
41.53,22.4104
41.54,22.401
41.55,22.3915
41.56,22.3821
41.57,22.3727
41.58,22.3633
41.59,22.3539
41.6,22.3446
41.61,22.3352
41.62,22.3259
41.63,22.3166
41.64,22.3073
41.65,22.298
41.66,22.2888
41.67,22.2796
41.68,22.2704
41.69,22.2612
41.7,22.252
41.71,22.2428
41.72,22.2337
41.73,22.2246
41.74,22.2154
41.75,22.2064
41.76,22.1973
41.77,22.1882
41.78,22.1792
41.79,22.1702
41.8,22.1612
41.81,22.1522
41.82,22.1432
41.83,22.1342
41.84,22.1253
41.85,22.1164
41.86,22.1075
41.87,22.0986
41.88,22.0897
41.89,22.0809
41.9,22.0721
41.91,22.0632
41.92,22.0544
41.93,22.0457
41.94,22.0369
41.95,22.0281
41.96,22.0194
41.97,22.0107
41.98,22.002
41.99,21.9933
42,21.9847
42.01,21.976
42.02,21.9674
42.03,21.9588
42.04,21.9502
42.05,21.9416
42.06,21.933
42.07,21.9245
42.08,21.916
42.09,21.9074
42.1,21.8989
42.11,21.8905
42.12,21.882
42.13,21.8735
42.14,21.8651
42.15,21.8567
42.16,21.8483
42.17,21.8399
42.18,21.8316
42.19,21.8232
42.2,21.8149
42.21,21.8066
42.22,21.7983
42.23,21.79
42.24,21.7817
42.25,21.7735
42.26,21.7652
42.27,21.757
42.28,21.7488
42.29,21.7406
42.3,21.7324
42.31,21.7243
42.32,21.7162
42.33,21.708
42.34,21.6999
42.35,21.6918
42.36,21.6838
42.37,21.6757
42.38,21.6677
42.39,21.6596
42.4,21.6516
42.41,21.6436
42.42,21.6356
42.43,21.6277
42.44,21.6197
42.45,21.6118
42.46,21.6039
42.47,21.596
42.48,21.5881
42.49,21.5802
42.5,21.5724
42.51,21.5645
42.52,21.5567
42.53,21.5489
42.54,21.5411
42.55,21.5334
42.56,21.5256
42.57,21.5178
42.58,21.5101
42.59,21.5024
42.6,21.4947
42.61,21.487
42.62,21.4794
42.63,21.4717
42.64,21.4641
42.65,21.4565
42.66,21.4488
42.67,21.4413
42.68,21.4337
42.69,21.4261
42.7,21.4186
42.71,21.411
42.72,21.4035
42.73,21.396
42.74,21.3886
42.75,21.3811
42.76,21.3736
42.77,21.3662
42.78,21.3588
42.79,21.3514
42.8,21.344
42.81,21.3366
42.82,21.3292
42.83,21.3219
42.84,21.3145
42.85,21.3072
42.86,21.2999
42.87,21.2926
42.88,21.2854
42.89,21.2781
42.9,21.2709
42.91,21.2636
42.92,21.2564
42.93,21.2492
42.94,21.242
42.95,21.2349
42.96,21.2277
42.97,21.2206
42.98,21.2134
42.99,21.2063
43,21.1992
43.01,21.1921
43.02,21.1851
43.03,21.178
43.04,21.171
43.05,21.164
43.06,21.1569
43.07,21.15
43.08,21.143
43.09,21.136
43.1,21.129
43.11,21.1221
43.12,21.1152
43.13,21.1083
43.14,21.1014
43.15,21.0945
43.16,21.0876
43.17,21.0808
43.18,21.0739
43.19,21.0671
43.2,21.0603
43.21,21.0535
43.22,21.0467
43.23,21.04
43.24,21.0332
43.25,21.0265
43.26,21.0197
43.27,21.013
43.28,21.0063
43.29,20.9997
43.3,20.993
43.31,20.9863
43.32,20.9797
43.33,20.9731
43.34,20.9665
43.35,20.9599
43.36,20.9533
43.37,20.9467
43.38,20.9401
43.39,20.9336
43.4,20.9271
43.41,20.9205
43.42,20.914
43.43,20.9076
43.44,20.9011
43.45,20.8946
43.46,20.8882
43.47,20.8817
43.48,20.8753
43.49,20.8689
43.5,20.8625
43.51,20.8561
43.52,20.8498
43.53,20.8434
43.54,20.8371
43.55,20.8307
43.56,20.8244
43.57,20.8181
43.58,20.8118
43.59,20.8056
43.6,20.7993
43.61,20.7931
43.62,20.7868
43.63,20.7806
43.64,20.7744
43.65,20.7682
43.66,20.762
43.67,20.7559
43.68,20.7497
43.69,20.7436
43.7,20.7375
43.71,20.7313
43.72,20.7252
43.73,20.7192
43.74,20.7131
43.75,20.707
43.76,20.701
43.77,20.6949
43.78,20.6889
43.79,20.6829
43.8,20.6769
43.81,20.6709
43.82,20.665
43.83,20.659
43.84,20.6531
43.85,20.6471
43.86,20.6412
43.87,20.6353
43.88,20.6294
43.89,20.6235
43.9,20.6177
43.91,20.6118
43.92,20.606
43.93,20.6002
43.94,20.5943
43.95,20.5885
43.96,20.5828
43.97,20.577
43.98,20.5712
43.99,20.5655
44,20.5597
44.01,20.554
44.02,20.5483
44.03,20.5426
44.04,20.5369
44.05,20.5312
44.06,20.5256
44.07,20.5199
44.08,20.5143
44.09,20.5086
44.1,20.503
44.11,20.4974
44.12,20.4918
44.13,20.4863
44.14,20.4807
44.15,20.4751
44.16,20.4696
44.17,20.4641
44.18,20.4586
44.19,20.4531
44.2,20.4476
44.21,20.4421
44.22,20.4366
44.23,20.4312
44.24,20.4257
44.25,20.4203
44.26,20.4149
44.27,20.4095
44.28,20.4041
44.29,20.3987
44.3,20.3933
44.31,20.388
44.32,20.3826
44.33,20.3773
44.34,20.372
44.35,20.3667
44.36,20.3614
44.37,20.3561
44.38,20.3508
44.39,20.3456
44.4,20.3403
44.41,20.3351
44.42,20.3299
44.43,20.3246
44.44,20.3194
44.45,20.3143
44.46,20.3091
44.47,20.3039
44.48,20.2988
44.49,20.2936
44.5,20.2885
44.51,20.2834
44.52,20.2783
44.53,20.2732
44.54,20.2681
44.55,20.263
44.56,20.258
44.57,20.2529
44.58,20.2479
44.59,20.2428
44.6,20.2378
44.61,20.2328
44.62,20.2278
44.63,20.2229
44.64,20.2179
44.65,20.2129
44.66,20.208
44.67,20.2031
44.68,20.1981
44.69,20.1932
44.7,20.1883
44.71,20.1834
44.72,20.1786
44.73,20.1737
44.74,20.1688
44.75,20.164
44.76,20.1592
44.77,20.1544
44.78,20.1495
44.79,20.1448
44.8,20.14
44.81,20.1352
44.82,20.1304
44.83,20.1257
44.84,20.1209
44.85,20.1162
44.86,20.1115
44.87,20.1068
44.88,20.1021
44.89,20.0974
44.9,20.0927
44.91,20.0881
44.92,20.0834
44.93,20.0788
44.94,20.0741
44.95,20.0695
44.96,20.0649
44.97,20.0603
44.98,20.0557
44.99,20.0512
45,20.0466
45.01,20.042
45.02,20.0375
45.03,20.033
45.04,20.0284
45.05,20.0239
45.06,20.0194
45.07,20.0149
45.08,20.0105
45.09,20.006
45.1,20.0015
45.11,19.9971
45.12,19.9927
45.13,19.9882
45.14,19.9838
45.15,19.9794
45.16,19.975
45.17,19.9706
45.18,19.9663
45.19,19.9619
45.2,19.9576
45.21,19.9532
45.22,19.9489
45.23,19.9446
45.24,19.9403
45.25,19.936
45.26,19.9317
45.27,19.9274
45.28,19.9231
45.29,19.9189
45.3,19.9146
45.31,19.9104
45.32,19.9062
45.33,19.902
45.34,19.8978
45.35,19.8936
45.36,19.8894
45.37,19.8852
45.38,19.8811
45.39,19.8769
45.4,19.8728
45.41,19.8686
45.42,19.8645
45.43,19.8604
45.44,19.8563
45.45,19.8522
45.46,19.8481
45.47,19.8441
45.48,19.84
45.49,19.8359
45.5,19.8319
45.51,19.8279
45.52,19.8239
45.53,19.8198
45.54,19.8158
45.55,19.8119
45.56,19.8079
45.57,19.8039
45.58,19.7999
45.59,19.796
45.6,19.7921
45.61,19.7881
45.62,19.7842
45.63,19.7803
45.64,19.7764
45.65,19.7725
45.66,19.7686
45.67,19.7648
45.68,19.7609
45.69,19.757
45.7,19.7532
45.71,19.7494
45.72,19.7455
45.73,19.7417
45.74,19.7379
45.75,19.7341
45.76,19.7304
45.77,19.7266
45.78,19.7228
45.79,19.7191
45.8,19.7153
45.81,19.7116
45.82,19.7079
45.83,19.7041
45.84,19.7004
45.85,19.6967
45.86,19.6931
45.87,19.6894
45.88,19.6857
45.89,19.6821
45.9,19.6784
45.91,19.6748
45.92,19.6711
45.93,19.6675
45.94,19.6639
45.95,19.6603
45.96,19.6567
45.97,19.6531
45.98,19.6496
45.99,19.646
46,19.6424
46.01,19.6389
46.02,19.6354
46.03,19.6318
46.04,19.6283
46.05,19.6248
46.06,19.6213
46.07,19.6178
46.08,19.6143
46.09,19.6109
46.1,19.6074
46.11,19.6039
46.12,19.6005
46.13,19.5971
46.14,19.5936
46.15,19.5902
46.16,19.5868
46.17,19.5834
46.18,19.58
46.19,19.5766
46.2,19.5733
46.21,19.5699
46.22,19.5666
46.23,19.5632
46.24,19.5599
46.25,19.5566
46.26,19.5532
46.27,19.5499
46.28,19.5466
46.29,19.5433
46.3,19.5401
46.31,19.5368
46.32,19.5335
46.33,19.5303
46.34,19.527
46.35,19.5238
46.36,19.5206
46.37,19.5173
46.38,19.5141
46.39,19.5109
46.4,19.5077
46.41,19.5045
46.42,19.5014
46.43,19.4982
46.44,19.495
46.45,19.4919
46.46,19.4887
46.47,19.4856
46.48,19.4825
46.49,19.4794
46.5,19.4763
46.51,19.4732
46.52,19.4701
46.53,19.467
46.54,19.4639
46.55,19.4609
46.56,19.4578
46.57,19.4548
46.58,19.4517
46.59,19.4487
46.6,19.4457
46.61,19.4427
46.62,19.4396
46.63,19.4366
46.64,19.4337
46.65,19.4307
46.66,19.4277
46.67,19.4247
46.68,19.4218
46.69,19.4188
46.7,19.4159
46.71,19.413
46.72,19.4101
46.73,19.4071
46.74,19.4042
46.75,19.4013
46.76,19.3985
46.77,19.3956
46.78,19.3927
46.79,19.3898
46.8,19.387
46.81,19.3841
46.82,19.3813
46.83,19.3785
46.84,19.3756
46.85,19.3728
46.86,19.37
46.87,19.3672
46.88,19.3644
46.89,19.3616
46.9,19.3589
46.91,19.3561
46.92,19.3533
46.93,19.3506
46.94,19.3478
46.95,19.3451
46.96,19.3424
46.97,19.3397
46.98,19.3369
46.99,19.3342
47,19.3315
47.01,19.3289
47.02,19.3262
47.03,19.3235
47.04,19.3208
47.05,19.3182
47.06,19.3155
47.07,19.3129
47.08,19.3103
47.09,19.3076
47.1,19.305
47.11,19.3024
47.12,19.2998
47.13,19.2972
47.14,19.2946
47.15,19.292
47.16,19.2895
47.17,19.2869
47.18,19.2843
47.19,19.2818
47.2,19.2793
47.21,19.2767
47.22,19.2742
47.23,19.2717
47.24,19.2692
47.25,19.2667
47.26,19.2642
47.27,19.2617
47.28,19.2592
47.29,19.2567
47.3,19.2542
47.31,19.2518
47.32,19.2493
47.33,19.2469
47.34,19.2445
47.35,19.242
47.36,19.2396
47.37,19.2372
47.38,19.2348
47.39,19.2324
47.4,19.23
47.41,19.2276
47.42,19.2252
47.43,19.2228
47.44,19.2205
47.45,19.2181
47.46,19.2158
47.47,19.2134
47.48,19.2111
47.49,19.2088
47.5,19.2064
47.51,19.2041
47.52,19.2018
47.53,19.1995
47.54,19.1972
47.55,19.1949
47.56,19.1927
47.57,19.1904
47.58,19.1881
47.59,19.1859
47.6,19.1836
47.61,19.1814
47.62,19.1791
47.63,19.1769
47.64,19.1747
47.65,19.1725
47.66,19.1703
47.67,19.1681
47.68,19.1659
47.69,19.1637
47.7,19.1615
47.71,19.1593
47.72,19.1572
47.73,19.155
47.74,19.1528
47.75,19.1507
47.76,19.1486
47.77,19.1464
47.78,19.1443
47.79,19.1422
47.8,19.1401
47.81,19.138
47.82,19.1359
47.83,19.1338
47.84,19.1317
47.85,19.1296
47.86,19.1275
47.87,19.1254
47.88,19.1234
47.89,19.1213
47.9,19.1193
47.91,19.1172
47.92,19.1152
47.93,19.1132
47.94,19.1112
47.95,19.1091
47.96,19.1071
47.97,19.1051
47.98,19.1031
47.99,19.1012
48,19.0992
48.01,19.0972
48.02,19.0952
48.03,19.0933
48.04,19.0913
48.05,19.0894
48.06,19.0874
48.07,19.0855
48.08,19.0835
48.09,19.0816
48.1,19.0797
48.11,19.0778
48.12,19.0759
48.13,19.074
48.14,19.0721
48.15,19.0702
48.16,19.0683
48.17,19.0664
48.18,19.0646
48.19,19.0627
48.2,19.0608
48.21,19.059
48.22,19.0571
48.23,19.0553
48.24,19.0535
48.25,19.0516
48.26,19.0498
48.27,19.048
48.28,19.0462
48.29,19.0444
48.3,19.0426
48.31,19.0408
48.32,19.039
48.33,19.0372
48.34,19.0355
48.35,19.0337
48.36,19.0319
48.37,19.0302
48.38,19.0284
48.39,19.0267
48.4,19.025
48.41,19.0232
48.42,19.0215
48.43,19.0198
48.44,19.0181
48.45,19.0164
48.46,19.0147
48.47,19.013
48.48,19.0113
48.49,19.0096
48.5,19.0079
48.51,19.0062
48.52,19.0046
48.53,19.0029
48.54,19.0012
48.55,18.9996
48.56,18.9979
48.57,18.9963
48.58,18.9947
48.59,18.993
48.6,18.9914
48.61,18.9898
48.62,18.9882
48.63,18.9866
48.64,18.985
48.65,18.9834
48.66,18.9818
48.67,18.9802
48.68,18.9786
48.69,18.977
48.7,18.9755
48.71,18.9739
48.72,18.9723
48.73,18.9708
48.74,18.9692
48.75,18.9677
48.76,18.9662
48.77,18.9646
48.78,18.9631
48.79,18.9616
48.8,18.9601
48.81,18.9585
48.82,18.957
48.83,18.9555
48.84,18.954
48.85,18.9525
48.86,18.9511
48.87,18.9496
48.88,18.9481
48.89,18.9466
48.9,18.9452
48.91,18.9437
48.92,18.9423
48.93,18.9408
48.94,18.9394
48.95,18.9379
48.96,18.9365
48.97,18.9351
48.98,18.9336
48.99,18.9322
49,18.9308
49.01,18.9294
49.02,18.928
49.03,18.9266
49.04,18.9252
49.05,18.9238
49.06,18.9224
49.07,18.921
49.08,18.9197
49.09,18.9183
49.1,18.9169
49.11,18.9156
49.12,18.9142
49.13,18.9129
49.14,18.9115
49.15,18.9102
49.16,18.9088
49.17,18.9075
49.18,18.9062
49.19,18.9048
49.2,18.9035
49.21,18.9022
49.22,18.9009
49.23,18.8996
49.24,18.8983
49.25,18.897
49.26,18.8957
49.27,18.8944
49.28,18.8931
49.29,18.8919
49.3,18.8906
49.31,18.8893
49.32,18.8881
49.33,18.8868
49.34,18.8855
49.35,18.8843
49.36,18.883
49.37,18.8818
49.38,18.8806
49.39,18.8793
49.4,18.8781
49.41,18.8769
49.42,18.8757
49.43,18.8744
49.44,18.8732
49.45,18.872
49.46,18.8708
49.47,18.8696
49.48,18.8684
49.49,18.8672
49.5,18.8661
49.51,18.8649
49.52,18.8637
49.53,18.8625
49.54,18.8614
49.55,18.8602
49.56,18.859
49.57,18.8579
49.58,18.8567
49.59,18.8556
49.6,18.8544
49.61,18.8533
49.62,18.8522
49.63,18.851
49.64,18.8499
49.65,18.8488
49.66,18.8477
49.67,18.8465
49.68,18.8454
49.69,18.8443
49.7,18.8432
49.71,18.8421
49.72,18.841
49.73,18.8399
49.74,18.8388
49.75,18.8377
49.76,18.8367
49.77,18.8356
49.78,18.8345
49.79,18.8335
49.8,18.8324
49.81,18.8313
49.82,18.8303
49.83,18.8292
49.84,18.8282
49.85,18.8271
49.86,18.8261
49.87,18.825
49.88,18.824
49.89,18.823
49.9,18.8219
49.91,18.8209
49.92,18.8199
49.93,18.8189
49.94,18.8179
49.95,18.8169
49.96,18.8158
49.97,18.8148
49.98,18.8138
49.99,18.8128
50,18.8119
50.01,18.8109
50.02,18.8099
50.03,18.8089
50.04,18.8079
50.05,18.807
50.06,18.806
50.07,18.805
50.08,18.804
50.09,18.8031
50.1,18.8021
50.11,18.8012
50.12,18.8002
50.13,18.7993
50.14,18.7983
50.15,18.7974
50.16,18.7965
50.17,18.7955
50.18,18.7946
50.19,18.7937
50.2,18.7927
50.21,18.7918
50.22,18.7909
50.23,18.79
50.24,18.7891
50.25,18.7882
50.26,18.7873
50.27,18.7864
50.28,18.7855
50.29,18.7846
50.3,18.7837
50.31,18.7828
50.32,18.7819
50.33,18.781
50.34,18.7801
50.35,18.7793
50.36,18.7784
50.37,18.7775
50.38,18.7766
50.39,18.7758
50.4,18.7749
50.41,18.7741
50.42,18.7732
50.43,18.7724
50.44,18.7715
50.45,18.7707
50.46,18.7698
50.47,18.769
50.48,18.7681
50.49,18.7673
50.5,18.7665
50.51,18.7656
50.52,18.7648
50.53,18.764
50.54,18.7632
50.55,18.7623
50.56,18.7615
50.57,18.7607
50.58,18.7599
50.59,18.7591
50.6,18.7583
50.61,18.7575
50.62,18.7567
50.63,18.7559
50.64,18.7551
50.65,18.7543
50.66,18.7535
50.67,18.7527
50.68,18.752
50.69,18.7512
50.7,18.7504
50.71,18.7496
50.72,18.7489
50.73,18.7481
50.74,18.7473
50.75,18.7466
50.76,18.7458
50.77,18.745
50.78,18.7443
50.79,18.7435
50.8,18.7428
50.81,18.742
50.82,18.7413
50.83,18.7405
50.84,18.7398
50.85,18.7391
50.86,18.7383
50.87,18.7376
50.88,18.7369
50.89,18.7361
50.9,18.7354
50.91,18.7347
50.92,18.734
50.93,18.7332
50.94,18.7325
50.95,18.7318
50.96,18.7311
50.97,18.7304
50.98,18.7297
50.99,18.729
51,18.7283
51.01,18.7276
51.02,18.7269
51.03,18.7262
51.04,18.7255
51.05,18.7248
51.06,18.7241
51.07,18.7234
51.08,18.7227
51.09,18.722
51.1,18.7213
51.11,18.7207
51.12,18.72
51.13,18.7193
51.14,18.7186
51.15,18.718
51.16,18.7173
51.17,18.7166
51.18,18.716
51.19,18.7153
51.2,18.7147
51.21,18.714
51.22,18.7133
51.23,18.7127
51.24,18.712
51.25,18.7114
51.26,18.7107
51.27,18.7101
51.28,18.7094
51.29,18.7088
51.3,18.7082
51.31,18.7075
51.32,18.7069
51.33,18.7063
51.34,18.7056
51.35,18.705
51.36,18.7044
51.37,18.7037
51.38,18.7031
51.39,18.7025
51.4,18.7019
51.41,18.7013
51.42,18.7006
51.43,18.7
51.44,18.6994
51.45,18.6988
51.46,18.6982
51.47,18.6976
51.48,18.697
51.49,18.6964
51.5,18.6958
51.51,18.6952
51.52,18.6946
51.53,18.694
51.54,18.6934
51.55,18.6928
51.56,18.6922
51.57,18.6916
51.58,18.691
51.59,18.6904
51.6,18.6898
51.61,18.6893
51.62,18.6887
51.63,18.6881
51.64,18.6875
51.65,18.6869
51.66,18.6864
51.67,18.6858
51.68,18.6852
51.69,18.6846
51.7,18.6841
51.71,18.6835
51.72,18.6829
51.73,18.6824
51.74,18.6818
51.75,18.6813
51.76,18.6807
51.77,18.6801
51.78,18.6796
51.79,18.679
51.8,18.6785
51.81,18.6779
51.82,18.6774
51.83,18.6768
51.84,18.6763
51.85,18.6757
51.86,18.6752
51.87,18.6747
51.88,18.6741
51.89,18.6736
51.9,18.673
51.91,18.6725
51.92,18.672
51.93,18.6714
51.94,18.6709
51.95,18.6704
51.96,18.6698
51.97,18.6693
51.98,18.6688
51.99,18.6683
52,18.6677
52.01,18.6672
52.02,18.6667
52.03,18.6662
52.04,18.6656
52.05,18.6651
52.06,18.6646
52.07,18.6641
52.08,18.6636
52.09,18.6631
52.1,18.6626
52.11,18.662
52.12,18.6615
52.13,18.661
52.14,18.6605
52.15,18.66
52.16,18.6595
52.17,18.659
52.18,18.6585
52.19,18.658
52.2,18.6575
52.21,18.657
52.22,18.6565
52.23,18.656
52.24,18.6555
52.25,18.655
52.26,18.6545
52.27,18.6541
52.28,18.6536
52.29,18.6531
52.3,18.6526
52.31,18.6521
52.32,18.6516
52.33,18.6511
52.34,18.6507
52.35,18.6502
52.36,18.6497
52.37,18.6492
52.38,18.6487
52.39,18.6483
52.4,18.6478
52.41,18.6473
52.42,18.6468
52.43,18.6464
52.44,18.6459
52.45,18.6454
52.46,18.645
52.47,18.6445
52.48,18.644
52.49,18.6436
52.5,18.6431
52.51,18.6426
52.52,18.6422
52.53,18.6417
52.54,18.6412
52.55,18.6408
52.56,18.6403
52.57,18.6399
52.58,18.6394
52.59,18.6389
52.6,18.6385
52.61,18.638
52.62,18.6376
52.63,18.6371
52.64,18.6367
52.65,18.6362
52.66,18.6358
52.67,18.6353
52.68,18.6349
52.69,18.6344
52.7,18.634
52.71,18.6335
52.72,18.6331
52.73,18.6327
52.74,18.6322
52.75,18.6318
52.76,18.6313
52.77,18.6309
52.78,18.6305
52.79,18.63
52.8,18.6296
52.81,18.6291
52.82,18.6287
52.83,18.6283
52.84,18.6278
52.85,18.6274
52.86,18.627
52.87,18.6265
52.88,18.6261
52.89,18.6257
52.9,18.6253
52.91,18.6248
52.92,18.6244
52.93,18.624
52.94,18.6235
52.95,18.6231
52.96,18.6227
52.97,18.6223
52.98,18.6219
52.99,18.6214
53,18.621
53.01,18.6206
53.02,18.6202
53.03,18.6198
53.04,18.6193
53.05,18.6189
53.06,18.6185
53.07,18.6181
53.08,18.6177
53.09,18.6173
53.1,18.6168
53.11,18.6164
53.12,18.616
53.13,18.6156
53.14,18.6152
53.15,18.6148
53.16,18.6144
53.17,18.614
53.18,18.6136
53.19,18.6132
53.2,18.6128
53.21,18.6124
53.22,18.6119
53.23,18.6115
53.24,18.6111
53.25,18.6107
53.26,18.6103
53.27,18.6099
53.28,18.6095
53.29,18.6091
53.3,18.6087
53.31,18.6083
53.32,18.6079
53.33,18.6075
53.34,18.6071
53.35,18.6067
53.36,18.6064
53.37,18.606
53.38,18.6056
53.39,18.6052
53.4,18.6048
53.41,18.6044
53.42,18.604
53.43,18.6036
53.44,18.6032
53.45,18.6028
53.46,18.6024
53.47,18.602
53.48,18.6017
53.49,18.6013
53.5,18.6009
53.51,18.6005
53.52,18.6001
53.53,18.5997
53.54,18.5993
53.55,18.599
53.56,18.5986
53.57,18.5982
53.58,18.5978
53.59,18.5974
53.6,18.597
53.61,18.5967
53.62,18.5963
53.63,18.5959
53.64,18.5955
53.65,18.5952
53.66,18.5948
53.67,18.5944
53.68,18.594
53.69,18.5936
53.7,18.5933
53.71,18.5929
53.72,18.5925
53.73,18.5921
53.74,18.5918
53.75,18.5914
53.76,18.591
53.77,18.5907
53.78,18.5903
53.79,18.5899
53.8,18.5895
53.81,18.5892
53.82,18.5888
53.83,18.5884
53.84,18.5881
53.85,18.5877
53.86,18.5873
53.87,18.587
53.88,18.5866
53.89,18.5862
53.9,18.5859
53.91,18.5855
53.92,18.5851
53.93,18.5848
53.94,18.5844
53.95,18.584
53.96,18.5837
53.97,18.5833
53.98,18.583
53.99,18.5826
54,18.5822
54.01,18.5819
54.02,18.5815
54.03,18.5812
54.04,18.5808
54.05,18.5804
54.06,18.5801
54.07,18.5797
54.08,18.5794
54.09,18.579
54.1,18.5787
54.11,18.5783
54.12,18.5779
54.13,18.5776
54.14,18.5772
54.15,18.5769
54.16,18.5765
54.17,18.5762
54.18,18.5758
54.19,18.5755
54.2,18.5751
54.21,18.5748
54.22,18.5744
54.23,18.5741
54.24,18.5737
54.25,18.5734
54.26,18.573
54.27,18.5727
54.28,18.5723
54.29,18.572
54.3,18.5716
54.31,18.5713
54.32,18.5709
54.33,18.5706
54.34,18.5702
54.35,18.5699
54.36,18.5696
54.37,18.5692
54.38,18.5689
54.39,18.5685
54.4,18.5682
54.41,18.5678
54.42,18.5675
54.43,18.5671
54.44,18.5668
54.45,18.5665
54.46,18.5661
54.47,18.5658
54.48,18.5654
54.49,18.5651
54.5,18.5648
54.51,18.5644
54.52,18.5641
54.53,18.5637
54.54,18.5634
54.55,18.5631
54.56,18.5627
54.57,18.5624
54.58,18.5621
54.59,18.5617
54.6,18.5614
54.61,18.5611
54.62,18.5607
54.63,18.5604
54.64,18.5601
54.65,18.5597
54.66,18.5594
54.67,18.5591
54.68,18.5587
54.69,18.5584
54.7,18.5581
54.71,18.5577
54.72,18.5574
54.73,18.5571
54.74,18.5567
54.75,18.5564
54.76,18.5561
54.77,18.5557
54.78,18.5554
54.79,18.5551
54.8,18.5548
54.81,18.5544
54.82,18.5541
54.83,18.5538
54.84,18.5534
54.85,18.5531
54.86,18.5528
54.87,18.5525
54.88,18.5521
54.89,18.5518
54.9,18.5515
54.91,18.5512
54.92,18.5508
54.93,18.5505
54.94,18.5502
54.95,18.5499
54.96,18.5495
54.97,18.5492
54.98,18.5489
54.99,18.5486
55,18.5483
55.01,18.5479
55.02,18.5476
55.03,18.5473
55.04,18.547
55.05,18.5467
55.06,18.5463
55.07,18.546
55.08,18.5457
55.09,18.5454
55.1,18.5451
55.11,18.5447
55.12,18.5444
55.13,18.5441
55.14,18.5438
55.15,18.5435
55.16,18.5432
55.17,18.5428
55.18,18.5425
55.19,18.5422
55.2,18.5419
55.21,18.5416
55.22,18.5413
55.23,18.541
55.24,18.5406
55.25,18.5403
55.26,18.54
55.27,18.5397
55.28,18.5394
55.29,18.5391
55.3,18.5388
55.31,18.5385
55.32,18.5381
55.33,18.5378
55.34,18.5375
55.35,18.5372
55.36,18.5369
55.37,18.5366
55.38,18.5363
55.39,18.536
55.4,18.5357
55.41,18.5354
55.42,18.535
55.43,18.5347
55.44,18.5344
55.45,18.5341
55.46,18.5338
55.47,18.5335
55.48,18.5332
55.49,18.5329
55.5,18.5326
55.51,18.5323
55.52,18.532
55.53,18.5317
55.54,18.5314
55.55,18.5311
55.56,18.5308
55.57,18.5305
55.58,18.5302
55.59,18.5298
55.6,18.5295
55.61,18.5292
55.62,18.5289
55.63,18.5286
55.64,18.5283
55.65,18.528
55.66,18.5277
55.67,18.5274
55.68,18.5271
55.69,18.5268
55.7,18.5265
55.71,18.5262
55.72,18.5259
55.73,18.5256
55.74,18.5253
55.75,18.525
55.76,18.5247
55.77,18.5244
55.78,18.5241
55.79,18.5238
55.8,18.5235
55.81,18.5233
55.82,18.523
55.83,18.5227
55.84,18.5224
55.85,18.5221
55.86,18.5218
55.87,18.5215
55.88,18.5212
55.89,18.5209
55.9,18.5206
55.91,18.5203
55.92,18.52
55.93,18.5197
55.94,18.5194
55.95,18.5191
55.96,18.5188
55.97,18.5185
55.98,18.5183
55.99,18.518
56,18.5177
56.01,18.5174
56.02,18.5171
56.03,18.5168
56.04,18.5165
56.05,18.5162
56.06,18.5159
56.07,18.5156
56.08,18.5153
56.09,18.5151
56.1,18.5148
56.11,18.5145
56.12,18.5142
56.13,18.5139
56.14,18.5136
56.15,18.5133
56.16,18.513
56.17,18.5128
56.18,18.5125
56.19,18.5122
56.2,18.5119
56.21,18.5116
56.22,18.5113
56.23,18.511
56.24,18.5108
56.25,18.5105
56.26,18.5102
56.27,18.5099
56.28,18.5096
56.29,18.5093
56.3,18.5091
56.31,18.5088
56.32,18.5085
56.33,18.5082
56.34,18.5079
56.35,18.5076
56.36,18.5074
56.37,18.5071
56.38,18.5068
56.39,18.5065
56.4,18.5062
56.41,18.506
56.42,18.5057
56.43,18.5054
56.44,18.5051
56.45,18.5048
56.46,18.5046
56.47,18.5043
56.48,18.504
56.49,18.5037
56.5,18.5035
56.51,18.5032
56.52,18.5029
56.53,18.5026
56.54,18.5023
56.55,18.5021
56.56,18.5018
56.57,18.5015
56.58,18.5012
56.59,18.501
56.6,18.5007
56.61,18.5004
56.62,18.5001
56.63,18.4999
56.64,18.4996
56.65,18.4993
56.66,18.499
56.67,18.4988
56.68,18.4985
56.69,18.4982
56.7,18.498
56.71,18.4977
56.72,18.4974
56.73,18.4971
56.74,18.4969
56.75,18.4966
56.76,18.4963
56.77,18.4961
56.78,18.4958
56.79,18.4955
56.8,18.4952
56.81,18.495
56.82,18.4947
56.83,18.4944
56.84,18.4942
56.85,18.4939
56.86,18.4936
56.87,18.4934
56.88,18.4931
56.89,18.4928
56.9,18.4926
56.91,18.4923
56.92,18.492
56.93,18.4918
56.94,18.4915
56.95,18.4912
56.96,18.491
56.97,18.4907
56.98,18.4904
56.99,18.4902
57,18.4899
57.01,18.4896
57.02,18.4894
57.03,18.4891
57.04,18.4889
57.05,18.4886
57.06,18.4883
57.07,18.4881
57.08,18.4878
57.09,18.4875
57.1,18.4873
57.11,18.487
57.12,18.4868
57.13,18.4865
57.14,18.4862
57.15,18.486
57.16,18.4857
57.17,18.4855
57.18,18.4852
57.19,18.4849
57.2,18.4847
57.21,18.4844
57.22,18.4842
57.23,18.4839
57.24,18.4836
57.25,18.4834
57.26,18.4831
57.27,18.4829
57.28,18.4826
57.29,18.4824
57.3,18.4821
57.31,18.4818
57.32,18.4816
57.33,18.4813
57.34,18.4811
57.35,18.4808
57.36,18.4806
57.37,18.4803
57.38,18.4801
57.39,18.4798
57.4,18.4796
57.41,18.4793
57.42,18.479
57.43,18.4788
57.44,18.4785
57.45,18.4783
57.46,18.478
57.47,18.4778
57.48,18.4775
57.49,18.4773
57.5,18.477
57.51,18.4768
57.52,18.4765
57.53,18.4763
57.54,18.476
57.55,18.4758
57.56,18.4755
57.57,18.4753
57.58,18.475
57.59,18.4748
57.6,18.4745
57.61,18.4743
57.62,18.474
57.63,18.4738
57.64,18.4735
57.65,18.4733
57.66,18.473
57.67,18.4728
57.68,18.4725
57.69,18.4723
57.7,18.4721
57.71,18.4718
57.72,18.4716
57.73,18.4713
57.74,18.4711
57.75,18.4708
57.76,18.4706
57.77,18.4703
57.78,18.4701
57.79,18.4698
57.8,18.4696
57.81,18.4694
57.82,18.4691
57.83,18.4689
57.84,18.4686
57.85,18.4684
57.86,18.4681
57.87,18.4679
57.88,18.4677
57.89,18.4674
57.9,18.4672
57.91,18.4669
57.92,18.4667
57.93,18.4665
57.94,18.4662
57.95,18.466
57.96,18.4657
57.97,18.4655
57.98,18.4653
57.99,18.465
58,18.4648
58.01,18.4645
58.02,18.4643
58.03,18.4641
58.04,18.4638
58.05,18.4636
58.06,18.4633
58.07,18.4631
58.08,18.4629
58.09,18.4626
58.1,18.4624
58.11,18.4622
58.12,18.4619
58.13,18.4617
58.14,18.4615
58.15,18.4612
58.16,18.461
58.17,18.4608
58.18,18.4605
58.19,18.4603
58.2,18.4601
58.21,18.4598
58.22,18.4596
58.23,18.4594
58.24,18.4591
58.25,18.4589
58.26,18.4587
58.27,18.4584
58.28,18.4582
58.29,18.458
58.3,18.4577
58.31,18.4575
58.32,18.4573
58.33,18.457
58.34,18.4568
58.35,18.4566
58.36,18.4563
58.37,18.4561
58.38,18.4559
58.39,18.4557
58.4,18.4554
58.41,18.4552
58.42,18.455
58.43,18.4547
58.44,18.4545
58.45,18.4543
58.46,18.4541
58.47,18.4538
58.48,18.4536
58.49,18.4534
58.5,18.4532
58.51,18.4529
58.52,18.4527
58.53,18.4525
58.54,18.4522
58.55,18.452
58.56,18.4518
58.57,18.4516
58.58,18.4513
58.59,18.4511
58.6,18.4509
58.61,18.4507
58.62,18.4505
58.63,18.4502
58.64,18.45
58.65,18.4498
58.66,18.4496
58.67,18.4493
58.68,18.4491
58.69,18.4489
58.7,18.4487
58.71,18.4485
58.72,18.4482
58.73,18.448
58.74,18.4478
58.75,18.4476
58.76,18.4474
58.77,18.4471
58.78,18.4469
58.79,18.4467
58.8,18.4465
58.81,18.4463
58.82,18.446
58.83,18.4458
58.84,18.4456
58.85,18.4454
58.86,18.4452
58.87,18.4449
58.88,18.4447
58.89,18.4445
58.9,18.4443
58.91,18.4441
58.92,18.4439
58.93,18.4436
58.94,18.4434
58.95,18.4432
58.96,18.443
58.97,18.4428
58.98,18.4426
58.99,18.4424
59,18.4421
59.01,18.4419
59.02,18.4417
59.03,18.4415
59.04,18.4413
59.05,18.4411
59.06,18.4409
59.07,18.4406
59.08,18.4404
59.09,18.4402
59.1,18.44
59.11,18.4398
59.12,18.4396
59.13,18.4394
59.14,18.4392
59.15,18.439
59.16,18.4387
59.17,18.4385
59.18,18.4383
59.19,18.4381
59.2,18.4379
59.21,18.4377
59.22,18.4375
59.23,18.4373
59.24,18.4371
59.25,18.4369
59.26,18.4367
59.27,18.4364
59.28,18.4362
59.29,18.436
59.3,18.4358
59.31,18.4356
59.32,18.4354
59.33,18.4352
59.34,18.435
59.35,18.4348
59.36,18.4346
59.37,18.4344
59.38,18.4342
59.39,18.434
59.4,18.4338
59.41,18.4336
59.42,18.4334
59.43,18.4331
59.44,18.4329
59.45,18.4327
59.46,18.4325
59.47,18.4323
59.48,18.4321
59.49,18.4319
59.5,18.4317
59.51,18.4315
59.52,18.4313
59.53,18.4311
59.54,18.4309
59.55,18.4307
59.56,18.4305
59.57,18.4303
59.58,18.4301
59.59,18.4299
59.6,18.4297
59.61,18.4295
59.62,18.4293
59.63,18.4291
59.64,18.4289
59.65,18.4287
59.66,18.4285
59.67,18.4283
59.68,18.4281
59.69,18.4279
59.7,18.4277
59.71,18.4275
59.72,18.4273
59.73,18.4271
59.74,18.4269
59.75,18.4267
59.76,18.4265
59.77,18.4263
59.78,18.4262
59.79,18.426
59.8,18.4258
59.81,18.4256
59.82,18.4254
59.83,18.4252
59.84,18.425
59.85,18.4248
59.86,18.4246
59.87,18.4244
59.88,18.4242
59.89,18.424
59.9,18.4238
59.91,18.4236
59.92,18.4234
59.93,18.4232
59.94,18.423
59.95,18.4229
59.96,18.4227
59.97,18.4225
59.98,18.4223
59.99,18.4221
60,18.4219
60.01,18.4217
60.02,18.4215
60.03,18.4213
60.04,18.4211
60.05,18.4209
60.06,18.4208
60.07,18.4206
60.08,18.4204
60.09,18.4202
60.1,18.42
60.11,18.4198
60.12,18.4196
60.13,18.4194
60.14,18.4193
60.15,18.4191
60.16,18.4189
60.17,18.4187
60.18,18.4185
60.19,18.4183
60.2,18.4181
60.21,18.4179
60.22,18.4178
60.23,18.4176
60.24,18.4174
60.25,18.4172
60.26,18.417
60.27,18.4168
60.28,18.4166
60.29,18.4165
60.3,18.4163
60.31,18.4161
60.32,18.4159
60.33,18.4157
60.34,18.4155
60.35,18.4154
60.36,18.4152
60.37,18.415
60.38,18.4148
60.39,18.4146
60.4,18.4144
60.41,18.4143
60.42,18.4141
60.43,18.4139
60.44,18.4137
60.45,18.4135
60.46,18.4134
60.47,18.4132
60.48,18.413
60.49,18.4128
60.5,18.4126
60.51,18.4125
60.52,18.4123
60.53,18.4121
60.54,18.4119
60.55,18.4117
60.56,18.4116
60.57,18.4114
60.58,18.4112
60.59,18.411
60.6,18.4109
60.61,18.4107
60.62,18.4105
60.63,18.4103
60.64,18.4102
60.65,18.41
60.66,18.4098
60.67,18.4096
60.68,18.4094
60.69,18.4093
60.7,18.4091
60.71,18.4089
60.72,18.4087
60.73,18.4086
60.74,18.4084
60.75,18.4082
60.76,18.408
60.77,18.4079
60.78,18.4077
60.79,18.4075
60.8,18.4074
60.81,18.4072
60.82,18.407
60.83,18.4068
60.84,18.4067
60.85,18.4065
60.86,18.4063
60.87,18.4061
60.88,18.406
60.89,18.4058
60.9,18.4056
60.91,18.4055
60.92,18.4053
60.93,18.4051
60.94,18.405
60.95,18.4048
60.96,18.4046
60.97,18.4044
60.98,18.4043
60.99,18.4041
61,18.4039
61.01,18.4038
61.02,18.4036
61.03,18.4034
61.04,18.4033
61.05,18.4031
61.06,18.4029
61.07,18.4028
61.08,18.4026
61.09,18.4024
61.1,18.4023
61.11,18.4021
61.12,18.4019
61.13,18.4018
61.14,18.4016
61.15,18.4014
61.16,18.4013
61.17,18.4011
61.18,18.4009
61.19,18.4008
61.2,18.4006
61.21,18.4004
61.22,18.4003
61.23,18.4001
61.24,18.4
61.25,18.3998
61.26,18.3996
61.27,18.3995
61.28,18.3993
61.29,18.3991
61.3,18.399
61.31,18.3988
61.32,18.3987
61.33,18.3985
61.34,18.3983
61.35,18.3982
61.36,18.398
61.37,18.3978
61.38,18.3977
61.39,18.3975
61.4,18.3974
61.41,18.3972
61.42,18.397
61.43,18.3969
61.44,18.3967
61.45,18.3966
61.46,18.3964
61.47,18.3963
61.48,18.3961
61.49,18.3959
61.5,18.3958
61.51,18.3956
61.52,18.3955
61.53,18.3953
61.54,18.3951
61.55,18.395
61.56,18.3948
61.57,18.3947
61.58,18.3945
61.59,18.3944
61.6,18.3942
61.61,18.3941
61.62,18.3939
61.63,18.3937
61.64,18.3936
61.65,18.3934
61.66,18.3933
61.67,18.3931
61.68,18.393
61.69,18.3928
61.7,18.3927
61.71,18.3925
61.72,18.3924
61.73,18.3922
61.74,18.392
61.75,18.3919
61.76,18.3917
61.77,18.3916
61.78,18.3914
61.79,18.3913
61.8,18.3911
61.81,18.391
61.82,18.3908
61.83,18.3907
61.84,18.3905
61.85,18.3904
61.86,18.3902
61.87,18.3901
61.88,18.3899
61.89,18.3898
61.9,18.3896
61.91,18.3895
61.92,18.3893
61.93,18.3892
61.94,18.389
61.95,18.3889
61.96,18.3887
61.97,18.3886
61.98,18.3884
61.99,18.3883
62,18.3881
62.01,18.388
62.02,18.3878
62.03,18.3877
62.04,18.3875
62.05,18.3874
62.06,18.3873
62.07,18.3871
62.08,18.387
62.09,18.3868
62.1,18.3867
62.11,18.3865
62.12,18.3864
62.13,18.3862
62.14,18.3861
62.15,18.3859
62.16,18.3858
62.17,18.3857
62.18,18.3855
62.19,18.3854
62.2,18.3852
62.21,18.3851
62.22,18.3849
62.23,18.3848
62.24,18.3847
62.25,18.3845
62.26,18.3844
62.27,18.3842
62.28,18.3841
62.29,18.3839
62.3,18.3838
62.31,18.3837
62.32,18.3835
62.33,18.3834
62.34,18.3832
62.35,18.3831
62.36,18.383
62.37,18.3828
62.38,18.3827
62.39,18.3825
62.4,18.3824
62.41,18.3823
62.42,18.3821
62.43,18.382
62.44,18.3818
62.45,18.3817
62.46,18.3816
62.47,18.3814
62.48,18.3813
62.49,18.3811
62.5,18.381
62.51,18.3809
62.52,18.3807
62.53,18.3806
62.54,18.3805
62.55,18.3803
62.56,18.3802
62.57,18.38
62.58,18.3799
62.59,18.3798
62.6,18.3796
62.61,18.3795
62.62,18.3794
62.63,18.3792
62.64,18.3791
62.65,18.379
62.66,18.3788
62.67,18.3787
62.68,18.3786
62.69,18.3784
62.7,18.3783
62.71,18.3782
62.72,18.378
62.73,18.3779
62.74,18.3778
62.75,18.3776
62.76,18.3775
62.77,18.3774
62.78,18.3772
62.79,18.3771
62.8,18.377
62.81,18.3768
62.82,18.3767
62.83,18.3766
62.84,18.3764
62.85,18.3763
62.86,18.3762
62.87,18.376
62.88,18.3759
62.89,18.3758
62.9,18.3757
62.91,18.3755
62.92,18.3754
62.93,18.3753
62.94,18.3751
62.95,18.375
62.96,18.3749
62.97,18.3747
62.98,18.3746
62.99,18.3745
63,18.3744
63.01,18.3742
63.02,18.3741
63.03,18.374
63.04,18.3739
63.05,18.3737
63.06,18.3736
63.07,18.3735
63.08,18.3733
63.09,18.3732
63.1,18.3731
63.11,18.373
63.12,18.3728
63.13,18.3727
63.14,18.3726
63.15,18.3725
63.16,18.3723
63.17,18.3722
63.18,18.3721
63.19,18.372
63.2,18.3718
63.21,18.3717
63.22,18.3716
63.23,18.3715
63.24,18.3713
63.25,18.3712
63.26,18.3711
63.27,18.371
63.28,18.3708
63.29,18.3707
63.3,18.3706
63.31,18.3705
63.32,18.3704
63.33,18.3702
63.34,18.3701
63.35,18.37
63.36,18.3699
63.37,18.3697
63.38,18.3696
63.39,18.3695
63.4,18.3694
63.41,18.3693
63.42,18.3691
63.43,18.369
63.44,18.3689
63.45,18.3688
63.46,18.3687
63.47,18.3685
63.48,18.3684
63.49,18.3683
63.5,18.3682
63.51,18.3681
63.52,18.368
63.53,18.3678
63.54,18.3677
63.55,18.3676
63.56,18.3675
63.57,18.3674
63.58,18.3672
63.59,18.3671
63.6,18.367
63.61,18.3669
63.62,18.3668
63.63,18.3667
63.64,18.3665
63.65,18.3664
63.66,18.3663
63.67,18.3662
63.68,18.3661
63.69,18.366
63.7,18.3658
63.71,18.3657
63.72,18.3656
63.73,18.3655
63.74,18.3654
63.75,18.3653
63.76,18.3652
63.77,18.365
63.78,18.3649
63.79,18.3648
63.8,18.3647
63.81,18.3646
63.82,18.3645
63.83,18.3644
63.84,18.3643
63.85,18.3641
63.86,18.364
63.87,18.3639
63.88,18.3638
63.89,18.3637
63.9,18.3636
63.91,18.3635
63.92,18.3634
63.93,18.3632
63.94,18.3631
63.95,18.363
63.96,18.3629
63.97,18.3628
63.98,18.3627
63.99,18.3626
64,18.3625
64.01,18.3624
64.02,18.3623
64.03,18.3621
64.04,18.362
64.05,18.3619
64.06,18.3618
64.07,18.3617
64.08,18.3616
64.09,18.3615
64.1,18.3614
64.11,18.3613
64.12,18.3612
64.13,18.3611
64.14,18.3609
64.15,18.3608
64.16,18.3607
64.17,18.3606
64.18,18.3605
64.19,18.3604
64.2,18.3603
64.21,18.3602
64.22,18.3601
64.23,18.36
64.24,18.3599
64.25,18.3598
64.26,18.3597
64.27,18.3596
64.28,18.3595
64.29,18.3594
64.3,18.3593
64.31,18.3591
64.32,18.359
64.33,18.3589
64.34,18.3588
64.35,18.3587
64.36,18.3586
64.37,18.3585
64.38,18.3584
64.39,18.3583
64.4,18.3582
64.41,18.3581
64.42,18.358
64.43,18.3579
64.44,18.3578
64.45,18.3577
64.46,18.3576
64.47,18.3575
64.48,18.3574
64.49,18.3573
64.5,18.3572
64.51,18.3571
64.52,18.357
64.53,18.3569
64.54,18.3568
64.55,18.3567
64.56,18.3566
64.57,18.3565
64.58,18.3564
64.59,18.3563
64.6,18.3562
64.61,18.3561
64.62,18.356
64.63,18.3559
64.64,18.3558
64.65,18.3557
64.66,18.3556
64.67,18.3555
64.68,18.3554
64.69,18.3553
64.7,18.3552
64.71,18.3551
64.72,18.355
64.73,18.3549
64.74,18.3548
64.75,18.3547
64.76,18.3546
64.77,18.3545
64.78,18.3544
64.79,18.3543
64.8,18.3542
64.81,18.3541
64.82,18.354
64.83,18.3539
64.84,18.3538
64.85,18.3537
64.86,18.3536
64.87,18.3536
64.88,18.3535
64.89,18.3534
64.9,18.3533
64.91,18.3532
64.92,18.3531
64.93,18.353
64.94,18.3529
64.95,18.3528
64.96,18.3527
64.97,18.3526
64.98,18.3525
64.99,18.3524
65,18.3523
65.01,18.3522
65.02,18.3521
65.03,18.352
65.04,18.352
65.05,18.3519
65.06,18.3518
65.07,18.3517
65.08,18.3516
65.09,18.3515
65.1,18.3514
65.11,18.3513
65.12,18.3512
65.13,18.3511
65.14,18.351
65.15,18.3509
65.16,18.3509
65.17,18.3508
65.18,18.3507
65.19,18.3506
65.2,18.3505
65.21,18.3504
65.22,18.3503
65.23,18.3502
65.24,18.3501
65.25,18.35
65.26,18.35
65.27,18.3499
65.28,18.3498
65.29,18.3497
65.3,18.3496
65.31,18.3495
65.32,18.3494
65.33,18.3493
65.34,18.3493
65.35,18.3492
65.36,18.3491
65.37,18.349
65.38,18.3489
65.39,18.3488
65.4,18.3487
65.41,18.3486
65.42,18.3486
65.43,18.3485
65.44,18.3484
65.45,18.3483
65.46,18.3482
65.47,18.3481
65.48,18.348
65.49,18.348
65.5,18.3479
65.51,18.3478
65.52,18.3477
65.53,18.3476
65.54,18.3475
65.55,18.3474
65.56,18.3474
65.57,18.3473
65.58,18.3472
65.59,18.3471
65.6,18.347
65.61,18.3469
65.62,18.3469
65.63,18.3468
65.64,18.3467
65.65,18.3466
65.66,18.3465
65.67,18.3464
65.68,18.3464
65.69,18.3463
65.7,18.3462
65.71,18.3461
65.72,18.346
65.73,18.3459
65.74,18.3459
65.75,18.3458
65.76,18.3457
65.77,18.3456
65.78,18.3455
65.79,18.3455
65.8,18.3454
65.81,18.3453
65.82,18.3452
65.83,18.3451
65.84,18.3451
65.85,18.345
65.86,18.3449
65.87,18.3448
65.88,18.3447
65.89,18.3447
65.9,18.3446
65.91,18.3445
65.92,18.3444
65.93,18.3443
65.94,18.3443
65.95,18.3442
65.96,18.3441
65.97,18.344
65.98,18.344
65.99,18.3439
66,18.3438
66.01,18.3437
66.02,18.3436
66.03,18.3436
66.04,18.3435
66.05,18.3434
66.06,18.3433
66.07,18.3433
66.08,18.3432
66.09,18.3431
66.1,18.343
66.11,18.3429
66.12,18.3429
66.13,18.3428
66.14,18.3427
66.15,18.3426
66.16,18.3426
66.17,18.3425
66.18,18.3424
66.19,18.3423
66.2,18.3423
66.21,18.3422
66.22,18.3421
66.23,18.342
66.24,18.342
66.25,18.3419
66.26,18.3418
66.27,18.3417
66.28,18.3417
66.29,18.3416
66.3,18.3415
66.31,18.3415
66.32,18.3414
66.33,18.3413
66.34,18.3412
66.35,18.3412
66.36,18.3411
66.37,18.341
66.38,18.3409
66.39,18.3409
66.4,18.3408
66.41,18.3407
66.42,18.3407
66.43,18.3406
66.44,18.3405
66.45,18.3404
66.46,18.3404
66.47,18.3403
66.48,18.3402
66.49,18.3402
66.5,18.3401
66.51,18.34
66.52,18.3399
66.53,18.3399
66.54,18.3398
66.55,18.3397
66.56,18.3397
66.57,18.3396
66.58,18.3395
66.59,18.3395
66.6,18.3394
66.61,18.3393
66.62,18.3393
66.63,18.3392
66.64,18.3391
66.65,18.339
66.66,18.339
66.67,18.3389
66.68,18.3388
66.69,18.3388
66.7,18.3387
66.71,18.3386
66.72,18.3386
66.73,18.3385
66.74,18.3384
66.75,18.3384
66.76,18.3383
66.77,18.3382
66.78,18.3382
66.79,18.3381
66.8,18.338
66.81,18.338
66.82,18.3379
66.83,18.3378
66.84,18.3378
66.85,18.3377
66.86,18.3376
66.87,18.3376
66.88,18.3375
66.89,18.3374
66.9,18.3374
66.91,18.3373
66.92,18.3372
66.93,18.3372
66.94,18.3371
66.95,18.3371
66.96,18.337
66.97,18.3369
66.98,18.3369
66.99,18.3368
67,18.3367
67.01,18.3367
67.02,18.3366
67.03,18.3365
67.04,18.3365
67.05,18.3364
67.06,18.3364
67.07,18.3363
67.08,18.3362
67.09,18.3362
67.1,18.3361
67.11,18.336
67.12,18.336
67.13,18.3359
67.14,18.3359
67.15,18.3358
67.16,18.3357
67.17,18.3357
67.18,18.3356
67.19,18.3356
67.2,18.3355
67.21,18.3354
67.22,18.3354
67.23,18.3353
67.24,18.3352
67.25,18.3352
67.26,18.3351
67.27,18.3351
67.28,18.335
67.29,18.3349
67.3,18.3349
67.31,18.3348
67.32,18.3348
67.33,18.3347
67.34,18.3346
67.35,18.3346
67.36,18.3345
67.37,18.3345
67.38,18.3344
67.39,18.3344
67.4,18.3343
67.41,18.3342
67.42,18.3342
67.43,18.3341
67.44,18.3341
67.45,18.334
67.46,18.3339
67.47,18.3339
67.48,18.3338
67.49,18.3338
67.5,18.3337
67.51,18.3337
67.52,18.3336
67.53,18.3335
67.54,18.3335
67.55,18.3334
67.56,18.3334
67.57,18.3333
67.58,18.3333
67.59,18.3332
67.6,18.3332
67.61,18.3331
67.62,18.333
67.63,18.333
67.64,18.3329
67.65,18.3329
67.66,18.3328
67.67,18.3328
67.68,18.3327
67.69,18.3327
67.7,18.3326
67.71,18.3325
67.72,18.3325
67.73,18.3324
67.74,18.3324
67.75,18.3323
67.76,18.3323
67.77,18.3322
67.78,18.3322
67.79,18.3321
67.8,18.3321
67.81,18.332
67.82,18.332
67.83,18.3319
67.84,18.3318
67.85,18.3318
67.86,18.3317
67.87,18.3317
67.88,18.3316
67.89,18.3316
67.9,18.3315
67.91,18.3315
67.92,18.3314
67.93,18.3314
67.94,18.3313
67.95,18.3313
67.96,18.3312
67.97,18.3312
67.98,18.3311
67.99,18.3311
68,18.331
68.01,18.331
68.02,18.3309
68.03,18.3309
68.04,18.3308
68.05,18.3308
68.06,18.3307
68.07,18.3307
68.08,18.3306
68.09,18.3306
68.1,18.3305
68.11,18.3305
68.12,18.3304
68.13,18.3304
68.14,18.3303
68.15,18.3303
68.16,18.3302
68.17,18.3302
68.18,18.3301
68.19,18.3301
68.2,18.33
68.21,18.33
68.22,18.3299
68.23,18.3299
68.24,18.3298
68.25,18.3298
68.26,18.3297
68.27,18.3297
68.28,18.3296
68.29,18.3296
68.3,18.3295
68.31,18.3295
68.32,18.3295
68.33,18.3294
68.34,18.3294
68.35,18.3293
68.36,18.3293
68.37,18.3292
68.38,18.3292
68.39,18.3291
68.4,18.3291
68.41,18.329
68.42,18.329
68.43,18.3289
68.44,18.3289
68.45,18.3289
68.46,18.3288
68.47,18.3288
68.48,18.3287
68.49,18.3287
68.5,18.3286
68.51,18.3286
68.52,18.3285
68.53,18.3285
68.54,18.3284
68.55,18.3284
68.56,18.3284
68.57,18.3283
68.58,18.3283
68.59,18.3282
68.6,18.3282
68.61,18.3281
68.62,18.3281
68.63,18.3281
68.64,18.328
68.65,18.328
68.66,18.3279
68.67,18.3279
68.68,18.3278
68.69,18.3278
68.7,18.3278
68.71,18.3277
68.72,18.3277
68.73,18.3276
68.74,18.3276
68.75,18.3275
68.76,18.3275
68.77,18.3275
68.78,18.3274
68.79,18.3274
68.8,18.3273
68.81,18.3273
68.82,18.3272
68.83,18.3272
68.84,18.3272
68.85,18.3271
68.86,18.3271
68.87,18.327
68.88,18.327
68.89,18.327
68.9,18.3269
68.91,18.3269
68.92,18.3268
68.93,18.3268
68.94,18.3268
68.95,18.3267
68.96,18.3267
68.97,18.3266
68.98,18.3266
68.99,18.3266
69,18.3265
69.01,18.3265
69.02,18.3264
69.03,18.3264
69.04,18.3264
69.05,18.3263
69.06,18.3263
69.07,18.3263
69.08,18.3262
69.09,18.3262
69.1,18.3261
69.11,18.3261
69.12,18.3261
69.13,18.326
69.14,18.326
69.15,18.3259
69.16,18.3259
69.17,18.3259
69.18,18.3258
69.19,18.3258
69.2,18.3258
69.21,18.3257
69.22,18.3257
69.23,18.3257
69.24,18.3256
69.25,18.3256
69.26,18.3255
69.27,18.3255
69.28,18.3255
69.29,18.3254
69.3,18.3254
69.31,18.3254
69.32,18.3253
69.33,18.3253
69.34,18.3253
69.35,18.3252
69.36,18.3252
69.37,18.3251
69.38,18.3251
69.39,18.3251
69.4,18.325
69.41,18.325
69.42,18.325
69.43,18.3249
69.44,18.3249
69.45,18.3249
69.46,18.3248
69.47,18.3248
69.48,18.3248
69.49,18.3247
69.5,18.3247
69.51,18.3247
69.52,18.3246
69.53,18.3246
69.54,18.3246
69.55,18.3245
69.56,18.3245
69.57,18.3245
69.58,18.3244
69.59,18.3244
69.6,18.3244
69.61,18.3243
69.62,18.3243
69.63,18.3243
69.64,18.3242
69.65,18.3242
69.66,18.3242
69.67,18.3241
69.68,18.3241
69.69,18.3241
69.7,18.324
69.71,18.324
69.72,18.324
69.73,18.3239
69.74,18.3239
69.75,18.3239
69.76,18.3239
69.77,18.3238
69.78,18.3238
69.79,18.3238
69.8,18.3237
69.81,18.3237
69.82,18.3237
69.83,18.3236
69.84,18.3236
69.85,18.3236
69.86,18.3235
69.87,18.3235
69.88,18.3235
69.89,18.3235
69.9,18.3234
69.91,18.3234
69.92,18.3234
69.93,18.3233
69.94,18.3233
69.95,18.3233
69.96,18.3232
69.97,18.3232
69.98,18.3232
69.99,18.3232
70,18.3231
70.01,18.3231
70.02,18.3231
70.03,18.323
70.04,18.323
70.05,18.323
70.06,18.323
70.07,18.3229
70.08,18.3229
70.09,18.3229
70.1,18.3228
70.11,18.3228
70.12,18.3228
70.13,18.3228
70.14,18.3227
70.15,18.3227
70.16,18.3227
70.17,18.3227
70.18,18.3226
70.19,18.3226
70.2,18.3226
70.21,18.3225
70.22,18.3225
70.23,18.3225
70.24,18.3225
70.25,18.3224
70.26,18.3224
70.27,18.3224
70.28,18.3224
70.29,18.3223
70.3,18.3223
70.31,18.3223
70.32,18.3223
70.33,18.3222
70.34,18.3222
70.35,18.3222
70.36,18.3222
70.37,18.3221
70.38,18.3221
70.39,18.3221
70.4,18.3221
70.41,18.322
70.42,18.322
70.43,18.322
70.44,18.322
70.45,18.3219
70.46,18.3219
70.47,18.3219
70.48,18.3219
70.49,18.3218
70.5,18.3218
70.51,18.3218
70.52,18.3218
70.53,18.3217
70.54,18.3217
70.55,18.3217
70.56,18.3217
70.57,18.3216
70.58,18.3216
70.59,18.3216
70.6,18.3216
70.61,18.3216
70.62,18.3215
70.63,18.3215
70.64,18.3215
70.65,18.3215
70.66,18.3214
70.67,18.3214
70.68,18.3214
70.69,18.3214
70.7,18.3214
70.71,18.3213
70.72,18.3213
70.73,18.3213
70.74,18.3213
70.75,18.3212
70.76,18.3212
70.77,18.3212
70.78,18.3212
70.79,18.3212
70.8,18.3211
70.81,18.3211
70.82,18.3211
70.83,18.3211
70.84,18.3211
70.85,18.321
70.86,18.321
70.87,18.321
70.88,18.321
70.89,18.3209
70.9,18.3209
70.91,18.3209
70.92,18.3209
70.93,18.3209
70.94,18.3208
70.95,18.3208
70.96,18.3208
70.97,18.3208
70.98,18.3208
70.99,18.3208
71,18.3207
71.01,18.3207
71.02,18.3207
71.03,18.3207
71.04,18.3207
71.05,18.3206
71.06,18.3206
71.07,18.3206
71.08,18.3206
71.09,18.3206
71.1,18.3205
71.11,18.3205
71.12,18.3205
71.13,18.3205
71.14,18.3205
71.15,18.3205
71.16,18.3204
71.17,18.3204
71.18,18.3204
71.19,18.3204
71.2,18.3204
71.21,18.3203
71.22,18.3203
71.23,18.3203
71.24,18.3203
71.25,18.3203
71.26,18.3203
71.27,18.3202
71.28,18.3202
71.29,18.3202
71.3,18.3202
71.31,18.3202
71.32,18.3202
71.33,18.3201
71.34,18.3201
71.35,18.3201
71.36,18.3201
71.37,18.3201
71.38,18.3201
71.39,18.32
71.4,18.32
71.41,18.32
71.42,18.32
71.43,18.32
71.44,18.32
71.45,18.3199
71.46,18.3199
71.47,18.3199
71.48,18.3199
71.49,18.3199
71.5,18.3199
71.51,18.3199
71.52,18.3198
71.53,18.3198
71.54,18.3198
71.55,18.3198
71.56,18.3198
71.57,18.3198
71.58,18.3198
71.59,18.3197
71.6,18.3197
71.61,18.3197
71.62,18.3197
71.63,18.3197
71.64,18.3197
71.65,18.3197
71.66,18.3196
71.67,18.3196
71.68,18.3196
71.69,18.3196
71.7,18.3196
71.71,18.3196
71.72,18.3196
71.73,18.3195
71.74,18.3195
71.75,18.3195
71.76,18.3195
71.77,18.3195
71.78,18.3195
71.79,18.3195
71.8,18.3195
71.81,18.3194
71.82,18.3194
71.83,18.3194
71.84,18.3194
71.85,18.3194
71.86,18.3194
71.87,18.3194
71.88,18.3194
71.89,18.3193
71.9,18.3193
71.91,18.3193
71.92,18.3193
71.93,18.3193
71.94,18.3193
71.95,18.3193
71.96,18.3193
71.97,18.3193
71.98,18.3192
71.99,18.3192
